event_id,particle_name,pid,x,y,z,energy,theta_prim,phi_prim,energy_prim
75,e+,3,-68.939912109375,306.0698828125,72854.9,0.002046868873767702,30.0,-11.162722,100000.0
75,e+,3,410.98359375,44.2284130859375,72462.625,0.08103398110009333,30.0,-11.162722,100000.0
75,e-,2,-567.5973046875,211.9616015625,72984.164,0.003105581420216506,30.0,-11.162722,100000.0
75,e+,3,-624.6871484375,189.65724609375,72965.59,0.004700795961841144,30.0,-11.162722,100000.0
75,e-,2,-624.528359375,189.594140625,72964.59,0.013519924334961375,30.0,-11.162722,100000.0
75,e-,2,145.36146484375,116.85076171875,72384.5,0.004047546956973841,30.0,-11.162722,100000.0
75,e-,2,-278.06408203125,-287.06205078125,72014.336,0.00907134809063823,30.0,-11.162722,100000.0
75,e+,3,-277.95248046875,-287.10048828125,72013.586,0.03149196573036046,30.0,-11.162722,100000.0
75,e-,2,-351.881484375,-99.437421875,72380.69,0.006188059954328632,30.0,-11.162722,100000.0
75,e-,2,-105.688046875,-22.68061279296875,72274.18,0.04726468117656965,30.0,-11.162722,100000.0
75,e+,3,-94.705068359375,-43.598583984375,72234.58,0.08829203892915191,30.0,-11.162722,100000.0
75,e-,2,137.124541015625,-46.2452685546875,72116.3,0.0035279443153285518,30.0,-11.162722,100000.0
75,e+,3,135.1654296875,-32.04493408203125,72121.85,0.010168695488717924,30.0,-11.162722,100000.0
75,e-,2,96.329384765625,-80.4057470703125,72069.8,0.007628146320636978,30.0,-11.162722,100000.0
75,e+,3,80.4491357421875,-84.339013671875,72064.914,0.03982348482493461,30.0,-11.162722,100000.0
75,e-,2,74.4581689453125,-70.1822607421875,72094.14,0.011806247180821005,30.0,-11.162722,100000.0
75,e+,3,25.7016943359375,-91.496416015625,72090.26,0.06326264469484864,30.0,-11.162722,100000.0
75,e-,2,-58.2278955078125,28.19930908203125,72334.58,0.01233094365114349,30.0,-11.162722,100000.0
75,e-,2,-192.70572265625,48.900390625,72456.88,0.002555407371122524,30.0,-11.162722,100000.0
75,e+,3,-189.37513671875,53.129248046875,72455.87,0.0032216975435056,30.0,-11.162722,100000.0
75,e-,2,-217.607578125,-69.3305419921875,72320.23,0.006143340451276474,30.0,-11.162722,100000.0
75,e+,3,-217.59498046875,-69.35130859375,72320.19,0.008398270188428848,30.0,-11.162722,100000.0
75,e+,3,-104.42798828125,-110.596962890625,72153.78,0.003276923728477293,30.0,-11.162722,100000.0
75,e+,3,-27.9179931640625,85.39173828125,72392.82,0.1303519625681379,30.0,-11.162722,100000.0
75,e+,3,84.2943359375,-42.1014404296875,72158.414,0.023727009802966777,30.0,-11.162722,100000.0
75,e+,3,-117.59837890625,115.842763671875,72514.27,0.0033153553725812283,30.0,-11.162722,100000.0
75,e+,3,101.76919921875,-421.165703125,71768.38,0.004896296002375909,30.0,-11.162722,100000.0
75,e+,3,58.2881298828125,79.7140673828125,72374.7,0.02959195660056683,30.0,-11.162722,100000.0
75,e+,3,39.25698974609375,-50.776787109375,72185.76,0.002286275197035076,30.0,-11.162722,100000.0
75,e-,2,-45.7904833984375,76.7634716796875,72409.305,0.0015197916893561806,30.0,-11.162722,100000.0
75,e+,3,-24.7308837890625,64.03017578125,72357.66,0.021109119449688053,30.0,-11.162722,100000.0
75,e-,2,-25.9818603515625,63.0600146484375,72356.3,0.07613416509809127,30.0,-11.162722,100000.0
75,e+,3,-75.0802197265625,-31.41960693359375,72257.375,0.012783882040783526,30.0,-11.162722,100000.0
75,e-,2,-45.6001806640625,10.7159521484375,72335.38,0.0027356935323051557,30.0,-11.162722,100000.0
75,e-,2,-33.8601025390625,66.160380859375,72365.75,0.03626852358719221,30.0,-11.162722,100000.0
75,e+,3,-31.40672119140625,65.5488427734375,72363.0,0.07636048942589907,30.0,-11.162722,100000.0
75,e-,2,-26.4144287109375,64.1388037109375,72357.77,0.6180584561877661,30.0,-11.162722,100000.0
75,e+,3,-177.58275390625,260.82041015625,72806.72,0.022136844721385582,30.0,-11.162722,100000.0
75,e+,3,-43.6115869140625,-1208.299921875,70681.555,0.056519857301107805,30.0,-11.162722,100000.0
75,e-,2,-51.0970166015625,-1214.684609375,70678.34,0.07928704157953735,30.0,-11.162722,100000.0
75,e-,2,89.110810546875,-154.1724609375,71983.414,0.005179984662891016,30.0,-11.162722,100000.0
75,e+,3,193.84892578125,-116.168388671875,71959.88,0.051608885846796904,30.0,-11.162722,100000.0
75,e-,2,-48.0106396484375,-1194.590078125,70945.055,0.008284540388271014,30.0,-11.162722,100000.0
75,e+,3,497.3275390625,-405.4612890625,71653.53,0.0019891255925999587,30.0,-11.162722,100000.0
75,e-,2,451.07703125,-410.3928125,71624.15,0.004924027480254061,30.0,-11.162722,100000.0
75,e+,3,-1710.6509375,-331.5731640625,73398.26,0.013172909967010758,30.0,-11.162722,100000.0
75,e-,2,339.48078125,601.9064453125,73143.4,0.004924720087281664,30.0,-11.162722,100000.0
75,e+,3,490.09625,-4068.435625,70313.836,0.007660278366506442,30.0,-11.162722,100000.0
75,e+,3,116.80798828125,-1237.7890625,71248.33,0.004775677057265281,30.0,-11.162722,100000.0
75,e+,3,-158.472802734375,-641.1313671875,71506.25,0.0242421545746476,30.0,-11.162722,100000.0
75,e+,3,378.1934765625,-266.091171875,71693.2,0.01758269165073855,30.0,-11.162722,100000.0
75,e+,3,-243.33873046875,-430.8084765625,71779.26,0.022441174877751602,30.0,-11.162722,100000.0
75,e-,2,-241.09830078125,-430.271875,71777.72,0.11827513949609877,30.0,-11.162722,100000.0
75,e+,3,-229.04294921875,-288.52296875,71989.47,0.011327644858758212,30.0,-11.162722,100000.0
75,e+,3,-250.47275390625,-375.91078125,71890.695,0.0027656494998381013,30.0,-11.162722,100000.0
75,e+,3,-246.58919921875,-398.5456640625,71833.5,0.014063719847902187,30.0,-11.162722,100000.0
75,e-,2,-263.62466796875,-418.360234375,71818.87,0.04094963400559375,30.0,-11.162722,100000.0
75,e+,3,-236.28501953125,-421.35390625,71785.76,0.16823459526619056,30.0,-11.162722,100000.0
75,e+,3,-244.750625,462.2203515625,73168.94,0.01041823658956593,30.0,-11.162722,100000.0
75,e+,3,279.169453125,323.02216796875,72627.836,0.014585738814170706,30.0,-11.162722,100000.0
75,e-,2,287.2490234375,327.8725390625,72632.14,0.022734168093711996,30.0,-11.162722,100000.0
75,e+,3,2790.06375,45.73990234375,72407.4,0.01585102752043648,30.0,-11.162722,100000.0
75,e+,3,-81.1184912109375,1040.0721875,74219.29,0.03250760666472946,30.0,-11.162722,100000.0
75,e+,3,-529.6187890625,848.67203125,74116.305,0.004123288377424801,30.0,-11.162722,100000.0
75,e+,3,-311.0475390625,807.71671875,73851.695,0.12325545748598318,30.0,-11.162722,100000.0
75,e+,3,-531.098671875,0.8427030181884766,72799.56,0.010034622755013755,30.0,-11.162722,100000.0
75,e-,2,-528.431484375,3.681496887207031,72797.586,0.015354354054948383,30.0,-11.162722,100000.0
75,e-,2,13.791910400390625,-33.977060546875,72184.945,0.002997274108221708,30.0,-11.162722,100000.0
75,e+,3,15.050224609375,-35.8554541015625,72179.23,0.00920461145732375,30.0,-11.162722,100000.0
75,e+,3,35.91177734375,-34.28607666015625,72168.055,0.027869479891267066,30.0,-11.162722,100000.0
75,e+,3,4.09129638671875,174.97919921875,72518.71,0.050639045016308615,30.0,-11.162722,100000.0
75,e+,3,48.5981396484375,188.36080078125,72514.77,0.02057595153414113,30.0,-11.162722,100000.0
75,e+,3,167.71904296875,-13.21260009765625,72134.54,0.00712285579140434,30.0,-11.162722,100000.0
75,e+,3,71.3287646484375,-195.99451171875,71913.195,0.043041453887369685,30.0,-11.162722,100000.0
75,e+,3,174.52083984375,-236.28947265625,71798.15,0.019771778723800756,30.0,-11.162722,100000.0
75,e+,3,127.392451171875,-285.87203125,71767.27,0.012258131274368195,30.0,-11.162722,100000.0
75,e+,3,188.96904296875,-393.085546875,71669.33,0.0040191501762366424,30.0,-11.162722,100000.0
75,e+,3,282.451171875,-54.3223046875,72042.94,0.016391578514064517,30.0,-11.162722,100000.0
75,e-,2,283.91853515625,-54.6446435546875,72041.664,0.049877358541833866,30.0,-11.162722,100000.0
75,e-,2,-58.3946484375,164.04751953125,72578.445,0.00430421367613324,30.0,-11.162722,100000.0
75,e+,3,-71.84427734375,-208.36740234375,71991.28,0.03209543811231962,30.0,-11.162722,100000.0
75,e+,3,1.109766082763672,582.343828125,73541.79,0.006426350041791397,30.0,-11.162722,100000.0
75,e+,3,-1.2577359008789062,586.9664453125,73551.59,0.013985324673555458,30.0,-11.162722,100000.0
75,e-,2,-1.0348542022705078,585.515859375,73547.54,0.0961224228810207,30.0,-11.162722,100000.0
75,e-,2,-4.1528451538085935,583.267890625,73544.336,0.09969794625678034,30.0,-11.162722,100000.0
75,e+,3,-52.7134375,-19.957972412109374,72255.79,0.006142674499122802,30.0,-11.162722,100000.0
75,e-,2,111.858515625,-29.9001953125,72146.17,0.007292076527519394,30.0,-11.162722,100000.0
75,e+,3,107.1683984375,-19.974298095703126,72156.03,0.014239670052720166,30.0,-11.162722,100000.0
75,e-,2,102.949833984375,-14.327374267578126,72163.26,0.08222428269104336,30.0,-11.162722,100000.0
75,e-,2,236.446015625,-86.20611328125,72010.14,0.005383006082842605,30.0,-11.162722,100000.0
75,e+,3,6.766246948242188,72.6660400390625,72367.35,0.01233052715602849,30.0,-11.162722,100000.0
75,e-,2,-35.37469970703125,-0.6644449615478516,72262.734,0.05322704389830509,30.0,-11.162722,100000.0
75,e+,3,-36.078505859375,-0.7167837524414062,72263.02,0.11269411420709426,30.0,-11.162722,100000.0
75,e-,2,-1475.99984375,-360.933984375,73420.22,0.014002809208965338,30.0,-11.162722,100000.0
75,e+,3,-1471.595,-361.8119140625,73415.33,0.0060347307746969475,30.0,-11.162722,100000.0
75,e+,3,-205.176953125,-1194.01359375,70919.91,0.002700771752022341,30.0,-11.162722,100000.0
75,e-,2,-424.8439453125,169.633984375,72830.04,0.009289859581797384,30.0,-11.162722,100000.0
75,e+,3,-53.2575830078125,-105.364755859375,72111.63,0.04913547399287434,30.0,-11.162722,100000.0
75,e-,2,-220.41994140625,202.21451171875,72724.805,0.0034204470676337797,30.0,-11.162722,100000.0
75,e+,3,-202.55265625,-144.204375,72180.484,0.016085545481665606,30.0,-11.162722,100000.0
75,e+,3,1946.2978125,384.86734375,73730.66,0.0032204228653674788,30.0,-11.162722,100000.0
75,e-,2,-1.4899362182617188,77.9467822265625,72371.34,0.011371112659273956,30.0,-11.162722,100000.0
75,e+,3,17.104495849609375,-114.17759765625,72068.586,0.010277955726252482,30.0,-11.162722,100000.0
75,e+,3,124.839755859375,83.046240234375,72307.17,0.014440307027156447,30.0,-11.162722,100000.0
75,e+,3,-304.010078125,-0.208640193939209,72461.805,0.0072834827603699545,30.0,-11.162722,100000.0
75,e-,2,-43.080390625,-7.976565551757813,72255.98,0.032137620612978424,30.0,-11.162722,100000.0
75,e-,2,53.146806640625,125.696865234375,72418.164,0.006510680554380679,30.0,-11.162722,100000.0
75,e+,3,53.3713818359375,129.56607421875,72422.74,0.020061008648064146,30.0,-11.162722,100000.0
75,e+,3,4.21357177734375,-215.23896484375,71964.06,0.007357295644931753,30.0,-11.162722,100000.0
75,e-,2,-20.42160888671875,-5.869415283203125,72250.086,0.02554413247613402,30.0,-11.162722,100000.0
75,e+,3,30.66227783203125,101.772412109375,72415.0,0.002314162218040485,30.0,-11.162722,100000.0
75,e+,3,-85.985810546875,16.771527099609376,72337.42,0.016233958119910928,30.0,-11.162722,100000.0
75,e-,2,-2.7960577392578125,133.726728515625,72462.24,0.00480621843449971,30.0,-11.162722,100000.0
75,e+,3,-41.275615234375,-224.8522265625,71945.48,0.016684603875628874,30.0,-11.162722,100000.0
75,e+,3,-212.03568359375,43.4702490234375,72472.04,0.010384628496219305,30.0,-11.162722,100000.0
75,e+,3,302.5658203125,-169.8084375,71881.73,0.0028340284840352027,30.0,-11.162722,100000.0
75,e-,2,292.1094921875,-165.5508984375,71890.46,0.0032470470546147384,30.0,-11.162722,100000.0
75,e-,2,66.1313134765625,82.009736328125,72340.58,0.014392770071673243,30.0,-11.162722,100000.0
75,e+,3,-206.8696484375,-118.345634765625,72362.33,0.003899878041346835,30.0,-11.162722,100000.0
75,e+,3,-282.41109375,226.2617578125,72889.07,0.013404385502583214,30.0,-11.162722,100000.0
75,e+,3,0.05762961387634277,-5.551024169921875,72232.0,0.011058202279004937,30.0,-11.162722,100000.0
75,e+,3,0.8376810455322266,-6.587547607421875,72229.26,0.2282373176262687,30.0,-11.162722,100000.0
75,e-,2,0.8412425231933593,-6.64781494140625,72229.16,0.35844020023577833,30.0,-11.162722,100000.0
75,e-,2,249.285703125,-151.81396484375,71885.45,0.0042443897916196165,30.0,-11.162722,100000.0
75,e-,2,234.6130859375,-92.40162109375,71976.03,0.008527087049467556,30.0,-11.162722,100000.0
75,e+,3,234.29990234375,-95.228271484375,71970.61,0.04315376508846564,30.0,-11.162722,100000.0
75,e+,3,-10.537015380859375,-31.56146484375,72198.23,0.048320810422048825,30.0,-11.162722,100000.0
75,e+,3,-136.816005859375,-246.13109375,72005.46,0.06011694394990051,30.0,-11.162722,100000.0
75,e+,3,1515.13015625,-371.7036328125,71138.94,0.02572773005347805,30.0,-11.162722,100000.0
75,e+,3,1561.528125,-360.1565234375,71189.02,0.003593219672607786,30.0,-11.162722,100000.0
75,e-,2,-16.0566943359375,31.45308349609375,72319.91,0.0492508070347983,30.0,-11.162722,100000.0
75,e-,2,-12.775538330078126,2.37825439453125,72252.89,0.01770945831777863,30.0,-11.162722,100000.0
75,e+,3,-12.675718994140626,2.409496307373047,72252.66,0.08832178495932444,30.0,-11.162722,100000.0
75,e-,2,-200.301171875,61.8134326171875,72527.75,0.0019288472906553653,30.0,-11.162722,100000.0
75,e+,3,-201.93654296875,63.2561865234375,72524.34,0.003880257163260532,30.0,-11.162722,100000.0
75,e+,3,23.41031982421875,328.3690625,72848.055,0.02340325236343229,30.0,-11.162722,100000.0
75,e+,3,-35.2518359375,-14.892674560546874,72240.39,0.030895167341675554,30.0,-11.162722,100000.0
75,e-,2,-53.1083251953125,28.0042919921875,72321.97,0.015243174844642552,30.0,-11.162722,100000.0
75,e+,3,-51.6691259765625,24.42126953125,72313.61,0.025295185189111783,30.0,-11.162722,100000.0
75,e+,3,-24.75232177734375,-109.70107421875,72100.45,0.019448299031038944,30.0,-11.162722,100000.0
75,e+,3,-99.3103125,48.740078125,72401.99,0.010639726210254368,30.0,-11.162722,100000.0
75,e+,3,-0.8401178741455078,14.93456298828125,72267.39,0.07491516497390067,30.0,-11.162722,100000.0
75,e-,2,-28.9001171875,12.774654541015625,72286.28,0.00891972882635641,30.0,-11.162722,100000.0
75,e-,2,-151.637158203125,26.158486328125,72461.35,0.009041704298655072,30.0,-11.162722,100000.0
75,e+,3,-71.8818115234375,-6.930616455078125,72275.47,0.009375655834783595,30.0,-11.162722,100000.0
75,e+,3,213.88544921875,-33.01230712890625,72173.53,0.0014514855100655605,30.0,-11.162722,100000.0
75,e+,3,214.1159765625,-30.9454736328125,72171.734,0.00638997491710769,30.0,-11.162722,100000.0
75,e+,3,202.10580078125,-183.7224609375,71882.63,0.015950189902899835,30.0,-11.162722,100000.0
75,e+,3,205.5446484375,45.213427734375,72253.02,0.013860169003909465,30.0,-11.162722,100000.0
75,e+,3,-58.9479296875,-25.81902099609375,72238.16,0.043821379969978314,30.0,-11.162722,100000.0
75,e+,3,-108.38943359375,221.889453125,72732.27,0.007812477999249928,30.0,-11.162722,100000.0
75,e-,2,-108.32904296875,222.0448046875,72732.52,0.009724567447951537,30.0,-11.162722,100000.0
75,e+,3,-47.839619140625,-137.940703125,72074.4,0.018688591135948177,30.0,-11.162722,100000.0
75,e+,3,42.090244140625,-228.417578125,71913.51,0.013842534957717693,30.0,-11.162722,100000.0
75,e+,3,-30.38450439453125,-2.617025146484375,72258.68,0.038813096953641775,30.0,-11.162722,100000.0
75,e+,3,26.52386474609375,9.9198876953125,72253.69,0.03364477669228903,30.0,-11.162722,100000.0
75,e+,3,923.08359375,-897.320546875,70964.375,0.005242162167885441,30.0,-11.162722,100000.0
75,e+,3,600.6235546875,-1058.977265625,70391.336,0.005230657226841158,30.0,-11.162722,100000.0
75,e+,3,592.841484375,-1057.83109375,70392.77,0.11073484710656355,30.0,-11.162722,100000.0
75,e+,3,590.296796875,-1057.6228125,70402.43,0.003158702693424456,30.0,-11.162722,100000.0
75,e+,3,543.6091796875,-999.97875,70539.06,0.006574744648719224,30.0,-11.162722,100000.0
75,e-,2,616.6412109375,-1106.0959375,70375.15,0.0035087604692135765,30.0,-11.162722,100000.0
75,e+,3,573.7055859375,-1078.3890625,70385.85,0.019075646975713963,30.0,-11.162722,100000.0
75,e-,2,-91.417265625,-293.04966796875,71901.91,0.005940369642689854,30.0,-11.162722,100000.0
75,e+,3,-910.811484375,-400.946796875,72748.664,0.003820299940839152,30.0,-11.162722,100000.0
75,e-,2,-150.20728515625,238.14017578125,72754.13,0.6652582136367704,30.0,-11.162722,100000.0
75,e-,2,-163.52130859375,-423.8718359375,71720.47,0.021617569077536123,30.0,-11.162722,100000.0
75,e+,3,-153.944580078125,-381.4072265625,71791.83,0.016234284132936105,30.0,-11.162722,100000.0
75,e+,3,335.013828125,235.839921875,72507.17,0.0053286341702815385,30.0,-11.162722,100000.0
75,e+,3,335.2114453125,233.72673828125,72501.55,0.5341652659269974,30.0,-11.162722,100000.0
75,e-,2,-365.319140625,300.82240234375,73023.48,0.0057551973238754855,30.0,-11.162722,100000.0
75,e+,3,-101.840625,176.50953125,72630.29,0.00502480894852632,30.0,-11.162722,100000.0
75,e-,2,-258.846796875,-127.597744140625,72223.89,1.1993113227810914,30.0,-11.162722,100000.0
75,e-,2,813.733046875,-1167.161015625,70313.49,0.0078399918741987,30.0,-11.162722,100000.0
75,e+,3,811.818203125,-1155.829765625,70326.914,0.013019837331183212,30.0,-11.162722,100000.0
75,e+,3,394.825546875,-116.497802734375,71863.98,0.005926462577531025,30.0,-11.162722,100000.0
75,e-,2,396.9055078125,-113.83798828125,71866.586,0.06348977251843461,30.0,-11.162722,100000.0
75,e+,3,364.61125,-142.34333984375,71838.62,0.0019043626976532418,30.0,-11.162722,100000.0
75,e-,2,367.96125,-141.735478515625,71829.984,0.2373269297309494,30.0,-11.162722,100000.0
75,e+,3,368.617265625,-145.9205078125,71824.87,0.024416862763133103,30.0,-11.162722,100000.0
75,e-,2,367.92796875,-141.3112109375,71830.6,0.2638225297407101,30.0,-11.162722,100000.0
75,e+,3,368.2458984375,-142.525048828125,71829.21,0.01792342497276125,30.0,-11.162722,100000.0
75,e+,3,367.328984375,-141.38888671875,71830.81,0.19065246337529768,30.0,-11.162722,100000.0
75,e+,3,-228.07171875,-36.46184326171875,72362.484,0.027643847717310755,30.0,-11.162722,100000.0
75,e+,3,-169.83994140625,-971.421015625,71120.38,0.21814639180432557,30.0,-11.162722,100000.0
75,e-,2,-873.8403125,200.49912109375,73314.06,0.008112258260155101,30.0,-11.162722,100000.0
75,e+,3,75.4380810546875,-25.82234130859375,72168.97,0.019029185946198023,30.0,-11.162722,100000.0
75,e-,2,51.18490234375,-25.46803955078125,72171.75,0.0604443012154991,30.0,-11.162722,100000.0
75,e-,2,64.6385498046875,-23.0458447265625,72169.77,0.028395456141438496,30.0,-11.162722,100000.0
75,e-,2,69.607412109375,-23.6686474609375,72167.195,0.0485812789216042,30.0,-11.162722,100000.0
75,e+,3,50.986650390625,-44.9825,72142.41,0.16285788782908736,30.0,-11.162722,100000.0
75,e+,3,54.48392578125,-73.327138671875,72129.18,0.0037762686847758508,30.0,-11.162722,100000.0
75,e-,2,49.96404296875,-55.6390576171875,72131.805,0.048571688284884965,30.0,-11.162722,100000.0
75,e-,2,53.4819775390625,-33.33078857421875,72158.445,0.1113789661683277,30.0,-11.162722,100000.0
75,e-,2,55.7904345703125,-28.28533935546875,72164.89,0.01998286643549769,30.0,-11.162722,100000.0
75,e+,3,58.0535302734375,-31.3787353515625,72160.336,0.00843972253577553,30.0,-11.162722,100000.0
75,e+,3,58.97041015625,-28.13872314453125,72163.03,1.2270447624785186,30.0,-11.162722,100000.0
75,e-,2,49.308681640625,-34.0186328125,72159.34,0.053088220359076975,30.0,-11.162722,100000.0
75,e+,3,49.335126953125,-33.41777099609375,72160.1,0.15915302676254994,30.0,-11.162722,100000.0
75,e+,3,50.446806640625,-28.91484619140625,72166.945,0.002272136613054905,30.0,-11.162722,100000.0
75,e-,2,50.0592626953125,-28.96400634765625,72166.68,0.34536001750657985,30.0,-11.162722,100000.0
75,e-,2,57.6436279296875,-46.0342724609375,72141.83,0.010075829619025882,30.0,-11.162722,100000.0
75,e+,3,56.7305712890625,-49.4827587890625,72138.04,0.00618503614811439,30.0,-11.162722,100000.0
75,e+,3,51.272431640625,-37.77894775390625,72155.85,0.0032388246995645967,30.0,-11.162722,100000.0
75,e-,2,49.8724462890625,-39.64310791015625,72150.42,0.40232580634025517,30.0,-11.162722,100000.0
75,e-,2,463.546875,-886.927890625,71608.66,0.005999498780760678,30.0,-11.162722,100000.0
75,e+,3,24.964580078125,28.90122802734375,72288.02,0.004141992424338304,30.0,-11.162722,100000.0
75,e-,2,23.58277099609375,39.77752197265625,72292.38,0.009382747633480949,30.0,-11.162722,100000.0
75,e-,2,40.4265625,29.61576171875,72264.445,0.4378809941198128,30.0,-11.162722,100000.0
75,e-,2,94.80828125,89.09787109375,72357.734,0.003154547994553928,30.0,-11.162722,100000.0
75,e+,3,37.56183837890625,72.5149267578125,72342.125,0.011559915990359663,30.0,-11.162722,100000.0
75,e-,2,29.61263671875,73.6725341796875,72343.3,0.047670121590701796,30.0,-11.162722,100000.0
75,e+,3,29.70646240234375,78.63177734375,72350.91,0.38764807788480354,30.0,-11.162722,100000.0
75,e+,3,16.861103515625,34.1699609375,72289.44,0.05098674191203737,30.0,-11.162722,100000.0
75,e-,2,16.350557861328124,34.8341748046875,72290.63,0.08169645754539047,30.0,-11.162722,100000.0
75,e+,3,38.78193603515625,88.5059765625,72369.11,0.005705626879210933,30.0,-11.162722,100000.0
75,e-,2,52.6460498046875,76.4645263671875,72339.87,0.06442400432352112,30.0,-11.162722,100000.0
75,e+,3,27.841484375,38.28220703125,72294.42,0.004378043928564887,30.0,-11.162722,100000.0
75,e+,3,27.93712158203125,44.7589697265625,72301.55,0.018676834769546173,30.0,-11.162722,100000.0
75,e+,3,14.495933837890625,87.5500390625,72381.62,0.01646552701583264,30.0,-11.162722,100000.0
75,e+,3,24.8493701171875,85.522548828125,72369.48,0.006850769030420358,30.0,-11.162722,100000.0
75,e+,3,28.65310791015625,85.959375,72366.055,0.035764963001396755,30.0,-11.162722,100000.0
75,e+,3,16.1443994140625,85.772021484375,72372.74,0.056858735666491356,30.0,-11.162722,100000.0
75,e+,3,35.07625244140625,71.5554638671875,72336.45,0.03857203462264211,30.0,-11.162722,100000.0
75,e+,3,15.49212890625,59.2356005859375,72328.67,0.030954417647898268,30.0,-11.162722,100000.0
75,e-,2,15.968355712890625,58.42599609375,72326.82,0.14691351871007108,30.0,-11.162722,100000.0
75,e+,3,62.911220703125,103.751689453125,72413.86,0.007266054950449193,30.0,-11.162722,100000.0
75,e+,3,100.795556640625,85.926162109375,72337.64,0.012350871214522097,30.0,-11.162722,100000.0
75,e+,3,91.064677734375,61.7375439453125,72312.56,0.006889564416808595,30.0,-11.162722,100000.0
75,e-,2,64.4612451171875,67.424326171875,72314.23,0.09971864859147433,30.0,-11.162722,100000.0
75,e+,3,4.719248352050781,39.31026611328125,72305.734,0.005211138347530736,30.0,-11.162722,100000.0
75,e-,2,4.926735534667968,40.10394775390625,72305.586,0.0313705803992161,30.0,-11.162722,100000.0
75,e-,2,2.8820449829101564,64.3060498046875,72361.695,0.008359223183749858,30.0,-11.162722,100000.0
75,e+,3,63.8207568359375,45.753798828125,72292.03,0.005793544226804524,30.0,-11.162722,100000.0
75,e+,3,50.616884765625,53.298115234375,72297.53,0.2097800768231884,30.0,-11.162722,100000.0
75,e+,3,-327.20703125,219.4948828125,72906.72,0.19787866543531094,30.0,-11.162722,100000.0
75,e-,2,-299.87630859375,244.248125,72920.42,0.09479265043761033,30.0,-11.162722,100000.0
75,e+,3,-297.4391796875,242.6884375,72914.61,0.05533407229923639,30.0,-11.162722,100000.0
75,e+,3,121.537041015625,169.00830078125,72489.6,0.006630502669777744,30.0,-11.162722,100000.0
75,e-,2,122.332197265625,169.5304296875,72489.15,0.02431132037042057,30.0,-11.162722,100000.0
75,e-,2,293.3785546875,-319.1974609375,71750.12,0.051073653517376874,30.0,-11.162722,100000.0
75,e+,3,285.204140625,-342.3062109375,71729.31,0.06758756207942587,30.0,-11.162722,100000.0
75,e+,3,-95.321748046875,125.9769921875,72528.06,0.0023064360500718983,30.0,-11.162722,100000.0
75,e-,2,-100.654990234375,127.2818359375,72531.08,0.017080598525227166,30.0,-11.162722,100000.0
75,e+,3,-59.4778271484375,82.857021484375,72432.6,0.00208400527560171,30.0,-11.162722,100000.0
75,e-,2,-58.7725537109375,82.74859375,72430.9,0.04983101680457479,30.0,-11.162722,100000.0
75,e+,3,10.791661376953124,288.19857421875,72742.62,0.0039955032810315635,30.0,-11.162722,100000.0
75,e-,2,64.317265625,322.89537109375,72808.54,0.003212808585738563,30.0,-11.162722,100000.0
75,e+,3,54.4201513671875,320.43544921875,72784.82,0.0027986815338730056,30.0,-11.162722,100000.0
75,e+,3,609.3215625,-475.5755078125,71788.164,0.0018526558298070552,30.0,-11.162722,100000.0
75,e+,3,338.350625,-16.1774853515625,72309.54,0.006930348613197903,30.0,-11.162722,100000.0
75,e+,3,7.319097290039062,-76.7769677734375,72131.56,0.02027832765203321,30.0,-11.162722,100000.0
75,e-,2,55.7624462890625,-107.47431640625,72051.68,0.010066452780285172,30.0,-11.162722,100000.0
75,e-,2,35.10549072265625,-80.6568115234375,72109.43,0.008497428618951591,30.0,-11.162722,100000.0
75,e+,3,70.9749072265625,-46.661787109375,72138.86,0.011189649499703937,30.0,-11.162722,100000.0
75,e-,2,79.80126953125,-71.6987158203125,72086.55,0.06875354658424823,30.0,-11.162722,100000.0
75,e+,3,27.74864501953125,-29.64248046875,72181.21,0.07720198013120658,30.0,-11.162722,100000.0
75,e+,3,34.78394775390625,-89.387421875,72082.805,0.1821302183888686,30.0,-11.162722,100000.0
75,e-,2,34.67655029296875,-89.373828125,72082.88,0.24325289267061798,30.0,-11.162722,100000.0
75,e-,2,77.775458984375,-209.02484375,71934.87,0.00954365866337053,30.0,-11.162722,100000.0
75,e+,3,61.029794921875,-50.018203125,72133.305,0.00752807372666442,30.0,-11.162722,100000.0
75,e-,2,1.5480361938476563,52.6520458984375,72327.164,0.05963910063858105,30.0,-11.162722,100000.0
75,e+,3,62.530498046875,39.73587890625,72305.36,0.0023864927295430952,30.0,-11.162722,100000.0
75,e+,3,45.5428759765625,47.11458984375,72293.79,0.02935431906185454,30.0,-11.162722,100000.0
75,e+,3,-57.71810546875,13.76659423828125,72324.04,0.0023080475852866014,30.0,-11.162722,100000.0
75,e+,3,42.485029296875,72.845126953125,72332.89,0.1638161857890561,30.0,-11.162722,100000.0
75,e+,3,40.40672119140625,67.0268994140625,72323.91,0.09509031186174353,30.0,-11.162722,100000.0
75,e+,3,45.6418896484375,51.998544921875,72306.46,0.004970934901644424,30.0,-11.162722,100000.0
75,e+,3,45.01646484375,61.0861083984375,72311.92,0.3238394566027278,30.0,-11.162722,100000.0
75,e+,3,29.36128662109375,15.775731201171874,72278.46,0.004809034544199741,30.0,-11.162722,100000.0
75,e+,3,-125.334228515625,105.161494140625,72504.75,0.004015628691393132,30.0,-11.162722,100000.0
75,e-,2,-125.529833984375,105.255439453125,72504.74,0.0072924898148261285,30.0,-11.162722,100000.0
75,e+,3,-10.03932861328125,-45.5926708984375,72181.7,0.01758783585209591,30.0,-11.162722,100000.0
75,e+,3,-0.4288021469116211,-37.89482177734375,72182.44,0.1605459559998164,30.0,-11.162722,100000.0
75,e+,3,-394.239453125,-165.15158203125,72392.08,0.007059633187574381,30.0,-11.162722,100000.0
75,e+,3,123.394658203125,-129.697841796875,72010.22,0.012872591802094512,30.0,-11.162722,100000.0
75,e+,3,-272.2012890625,-356.9653125,72251.055,0.0037378426351759118,30.0,-11.162722,100000.0
75,e+,3,-514.4363671875,-52.6890576171875,72691.01,0.001960428756148895,30.0,-11.162722,100000.0
75,e-,2,-514.4090625,-52.2973974609375,72689.7,0.004327443306195506,30.0,-11.162722,100000.0
75,e+,3,120.011318359375,31.84818115234375,72247.12,0.014619379608233387,30.0,-11.162722,100000.0
75,e-,2,118.62626953125,29.41393798828125,72241.51,0.05146392321899848,30.0,-11.162722,100000.0
75,e+,3,-28.85591796875,-12.471092529296875,72240.53,0.02407359489704608,30.0,-11.162722,100000.0
75,e-,2,46.039755859375,159.668955078125,72534.66,0.006641645221994753,30.0,-11.162722,100000.0
75,e+,3,-18.899954833984374,-24.5989697265625,72214.77,0.006774869822355154,30.0,-11.162722,100000.0
75,e+,3,26.96309814453125,14.872021484375,72273.55,0.003398735344618929,30.0,-11.162722,100000.0
75,e-,2,7.838482666015625,23.70853271484375,72275.33,0.06711489317140068,30.0,-11.162722,100000.0
75,e+,3,-72.629853515625,-198.47923828125,72074.79,0.0019381329851981476,30.0,-11.162722,100000.0
75,e-,2,-204.27515625,-0.3927947616577148,72411.19,0.009869395793386053,30.0,-11.162722,100000.0
75,e+,3,-204.70591796875,-0.15416599273681642,72411.836,0.011384013861122992,30.0,-11.162722,100000.0
75,e+,3,-63.549111328125,200.3812890625,72691.02,0.002797462602604428,30.0,-11.162722,100000.0
75,e+,3,-61.538720703125,200.6371484375,72687.73,0.00858054767598508,30.0,-11.162722,100000.0
75,e-,2,-99.1869140625,-110.85728515625,72157.74,0.015889843114411766,30.0,-11.162722,100000.0
75,e+,3,-99.302841796875,-111.5006640625,72157.02,0.022462150298501026,30.0,-11.162722,100000.0
75,e-,2,13.31590087890625,1.9137600708007811,72237.25,0.14119643541229282,30.0,-11.162722,100000.0
75,e+,3,-93.642470703125,-51.7142919921875,72225.484,0.033044996702404794,30.0,-11.162722,100000.0
75,e+,3,-19.76156005859375,-47.5154150390625,72205.89,0.0017671581748479961,30.0,-11.162722,100000.0
75,e+,3,-17.58057373046875,-83.131708984375,72130.016,0.015371580395143941,30.0,-11.162722,100000.0
75,e+,3,33.2838720703125,-156.727099609375,72095.02,0.0014576520161434412,30.0,-11.162722,100000.0
75,e-,2,10.69587158203125,-44.0654541015625,72168.55,0.03984413667051119,30.0,-11.162722,100000.0
75,e+,3,29.7617431640625,-267.22482421875,71877.7,0.017892405170255296,30.0,-11.162722,100000.0
75,e-,2,-199.74220703125,-103.908212890625,72236.25,0.012962829785048726,30.0,-11.162722,100000.0
75,e-,2,-26.8195703125,-27.50105712890625,72215.07,0.007254902837151436,30.0,-11.162722,100000.0
75,e+,3,-25.42948486328125,-27.83521240234375,72213.445,0.007529069372770958,30.0,-11.162722,100000.0
75,e+,3,-18.623221435546874,-14.39970703125,72231.734,0.025515290771243426,30.0,-11.162722,100000.0
75,e-,2,-41.44255859375,-58.239267578125,72178.92,0.03815337645592614,30.0,-11.162722,100000.0
75,e+,3,-173.65890625,10.193087158203125,72424.09,0.0036685403898303716,30.0,-11.162722,100000.0
75,e+,3,3.481964111328125,-23.047890625,72202.25,0.3053787734869712,30.0,-11.162722,100000.0
75,e-,2,12.53361083984375,-36.930537109375,72175.516,0.6226821540048623,30.0,-11.162722,100000.0
75,e+,3,9.0143017578125,-52.15875,72157.31,0.05014747640203717,30.0,-11.162722,100000.0
75,e+,3,12.371427001953125,-40.15012939453125,72174.5,0.003859101947210791,30.0,-11.162722,100000.0
75,e+,3,11.138560791015625,-38.28264892578125,72174.195,0.5647604818643317,30.0,-11.162722,100000.0
75,e+,3,39.5970166015625,-51.9891162109375,72142.72,0.025165569792980354,30.0,-11.162722,100000.0
75,e-,2,12.888817138671875,-50.519892578125,72157.125,0.13753474634189403,30.0,-11.162722,100000.0
75,e-,2,25.05177001953125,-3.420758056640625,72223.3,0.02375527248021534,30.0,-11.162722,100000.0
75,e-,2,7.639912109375,-58.7573828125,72154.66,0.026310505518567073,30.0,-11.162722,100000.0
75,e+,3,-28.90190673828125,-244.04783203125,71944.88,0.0025260984879222357,30.0,-11.162722,100000.0
75,e+,3,-101.6704296875,-550.62484375,71623.59,0.005268638841687219,30.0,-11.162722,100000.0
75,e+,3,-479.1653125,-45.8411279296875,72594.73,0.0028041078772748106,30.0,-11.162722,100000.0
75,e+,3,-566.2499609375,-788.354921875,71743.25,0.25429623495899806,30.0,-11.162722,100000.0
75,e+,3,-1373.60484375,-613.1300390625,73253.28,0.040636477665688446,30.0,-11.162722,100000.0
75,e+,3,-439.3528515625,-134.881669921875,72368.17,0.010511859663251539,30.0,-11.162722,100000.0
75,e-,2,72.38720703125,16.81309326171875,72231.9,0.06580460775541867,30.0,-11.162722,100000.0
75,e+,3,-150.794228515625,68.73470703125,72458.18,0.013383532004049003,30.0,-11.162722,100000.0
75,e+,3,-240.04533203125,-113.7609765625,72219.78,0.06835349756823071,30.0,-11.162722,100000.0
75,e-,2,-242.25486328125,-121.1333203125,72211.086,0.02773657043945165,30.0,-11.162722,100000.0
75,e+,3,-227.56232421875,-122.26583984375,72199.87,0.04276242881329918,30.0,-11.162722,100000.0
75,e+,3,-214.31619140625,-279.24931640625,72079.63,0.013754234828126134,30.0,-11.162722,100000.0
75,e+,3,58.3843017578125,453.3171875,73183.43,0.0018902856558932978,30.0,-11.162722,100000.0
75,e+,3,-305.3149609375,-190.3162890625,72208.17,0.012509746275681048,30.0,-11.162722,100000.0
75,e+,3,-82.65951171875,-1.6487837219238282,72290.89,0.1635800536363804,30.0,-11.162722,100000.0
75,e+,3,18.648641357421877,-139.4101171875,72023.586,0.04176606623301803,30.0,-11.162722,100000.0
75,e+,3,29.93782958984375,60.594306640625,72320.11,0.0717387705832622,30.0,-11.162722,100000.0
75,e-,2,39.19389892578125,63.2469970703125,72321.28,0.08023359499226633,30.0,-11.162722,100000.0
75,e-,2,-62.8018505859375,-3.1849191284179685,72289.29,0.006395005573418923,30.0,-11.162722,100000.0
75,e+,3,-43.7457470703125,10.318358154296876,72284.02,0.028836508158477103,30.0,-11.162722,100000.0
75,e+,3,-44.973681640625,3.73335205078125,72274.055,0.1367562110187876,30.0,-11.162722,100000.0
75,e+,3,-77.276494140625,32.0732763671875,72349.445,0.007538827223980341,30.0,-11.162722,100000.0
75,e+,3,-78.04810546875,30.87691650390625,72346.69,0.021755399294683214,30.0,-11.162722,100000.0
75,e-,2,-67.949931640625,37.66285888671875,72348.266,0.07986606567825001,30.0,-11.162722,100000.0
75,e+,3,-47.32193359375,10.78125244140625,72286.555,0.049950451320605105,30.0,-11.162722,100000.0
75,e-,2,-48.933134765625,14.6392529296875,72292.945,0.2627786754517251,30.0,-11.162722,100000.0
75,e+,3,-51.3280908203125,-23.59675048828125,72266.16,0.002383498545744482,30.0,-11.162722,100000.0
75,e-,2,-72.15828125,-44.4742138671875,72219.266,0.057182379271045296,30.0,-11.162722,100000.0
75,e+,3,44.7760009765625,368.8132421875,72936.42,0.0023917813021189288,30.0,-11.162722,100000.0
75,e+,3,32.64193603515625,-335.8104296875,71832.46,0.007276749335789619,30.0,-11.162722,100000.0
75,e+,3,7.93472412109375,16.88421875,72289.29,0.002596846870640427,30.0,-11.162722,100000.0
75,e+,3,-47.0730078125,-23.189365234375,72238.35,0.013214439076625532,30.0,-11.162722,100000.0
75,e-,2,-19.7392431640625,15.56078369140625,72277.71,0.09096081095126338,30.0,-11.162722,100000.0
75,e+,3,152.128271484375,-69.499453125,72148.266,0.007171210211547244,30.0,-11.162722,100000.0
75,e+,3,-51.4416357421875,-2.536620330810547,72271.46,0.026363587259968596,30.0,-11.162722,100000.0
75,e-,2,-45.6632861328125,-13.503218994140624,72247.22,0.10299727375292585,30.0,-11.162722,100000.0
75,e+,3,-39.22111572265625,-14.26003173828125,72242.16,0.08399144869156251,30.0,-11.162722,100000.0
75,e+,3,143.5044921875,19.086981201171874,72264.086,0.0033278918670788735,30.0,-11.162722,100000.0
75,e-,2,-75.14365234375,-11.470816650390624,72276.3,0.03665553181644525,30.0,-11.162722,100000.0
75,e+,3,-92.643662109375,-87.2874609375,72201.38,0.060179606086414,30.0,-11.162722,100000.0
75,e-,2,118.584775390625,-191.574140625,71885.42,0.13071913605713653,30.0,-11.162722,100000.0
75,e+,3,152.737568359375,-76.2621240234375,72085.53,0.0029710362780593523,30.0,-11.162722,100000.0
75,e+,3,331.3084765625,10.3771337890625,72130.734,0.013972106866394884,30.0,-11.162722,100000.0
75,e+,3,192.896640625,-604.49796875,76391.64,0.0016777930412909211,30.0,-11.162722,100000.0
75,e+,3,450.8151171875,-762.00703125,71683.516,0.023735243322406768,30.0,-11.162722,100000.0
75,e+,3,497.0517578125,-596.6469921875,71236.8,0.0075009568492308155,30.0,-11.162722,100000.0
75,e-,2,461.16390625,-456.73875,71369.516,0.01694973301630862,30.0,-11.162722,100000.0
75,e+,3,453.8394140625,-459.99515625,71367.66,0.12766448515519063,30.0,-11.162722,100000.0
75,e+,3,455.45453125,-429.2678125,71407.164,0.021957631399414205,30.0,-11.162722,100000.0
75,e-,2,453.0990234375,-429.946640625,71406.18,0.7484093524605552,30.0,-11.162722,100000.0
75,e+,3,458.4532421875,-326.69353515625,71665.85,0.004487753724255157,30.0,-11.162722,100000.0
75,e+,3,472.9859765625,-428.078671875,71422.92,0.005697881727527277,30.0,-11.162722,100000.0
75,e-,2,31.28015869140625,37.65140625,72285.27,0.04402084559602867,30.0,-11.162722,100000.0
75,e+,3,38.819482421875,48.8033984375,72295.77,0.12238568247703424,30.0,-11.162722,100000.0
75,e-,2,915.152265625,-238.509921875,71626.664,0.0914722013897456,30.0,-11.162722,100000.0
75,e+,3,-473.315546875,-281.9877734375,72251.734,0.0061061770974818646,30.0,-11.162722,100000.0
75,e+,3,-477.42578125,-313.43876953125,72219.8,0.03392326377295587,30.0,-11.162722,100000.0
75,e-,2,-9.330167236328125,67.766611328125,72366.96,0.0049314761945858585,30.0,-11.162722,100000.0
75,e+,3,-8.695459594726563,70.8035693359375,72368.03,0.03977188762097424,30.0,-11.162722,100000.0
75,e+,3,-272.1009375,-157.860078125,72255.4,0.012707161291033183,30.0,-11.162722,100000.0
75,e+,3,76.4757861328125,-142.900693359375,72009.36,0.010401277083289851,30.0,-11.162722,100000.0
75,e+,3,-732.634453125,-462.4067578125,72209.336,0.004287231571124761,30.0,-11.162722,100000.0
75,e-,2,-819.0059375,-850.484453125,71868.375,0.0029357513168655563,30.0,-11.162722,100000.0
75,e+,3,-826.725703125,-843.80609375,71880.76,0.012396790843881011,30.0,-11.162722,100000.0
75,e+,3,-57.7869921875,385.6628515625,73008.96,0.016248808298062536,30.0,-11.162722,100000.0
75,e-,2,-27.967197265625,592.011875,73416.63,0.011283470322745733,30.0,-11.162722,100000.0
75,e+,3,-7.634732666015625,534.62203125,73270.055,0.04776605011904098,30.0,-11.162722,100000.0
75,e+,3,-65.8727294921875,2.98939453125,72289.34,0.007294545638213037,30.0,-11.162722,100000.0
75,e-,2,-49.5178662109375,8.986080322265625,72287.39,0.06960252181044492,30.0,-11.162722,100000.0
75,e+,3,-83.866865234375,23.42224365234375,72333.28,0.005170978070476496,30.0,-11.162722,100000.0
75,e+,3,-86.04869140625,9.694552001953125,72317.25,0.0144871519726135,30.0,-11.162722,100000.0
75,e-,2,-77.5436279296875,15.040157470703125,72315.125,0.11335041607771124,30.0,-11.162722,100000.0
75,e-,2,-26.713017578125,24.76078369140625,72298.56,0.035585132209252655,30.0,-11.162722,100000.0
75,e+,3,-31.55747802734375,-4.121240539550781,72255.79,0.03436865710341628,30.0,-11.162722,100000.0
75,e+,3,-89.863251953125,87.435537109375,72440.63,0.018681527119961464,30.0,-11.162722,100000.0
75,e+,3,-48.26927734375,19.6518359375,72340.25,0.014812358142350676,30.0,-11.162722,100000.0
75,e+,3,-70.09291015625,44.0251513671875,72384.35,0.004887984009123266,30.0,-11.162722,100000.0
75,e+,3,-90.13732421875,83.028173828125,72433.05,0.007630751428883579,30.0,-11.162722,100000.0
75,e-,2,-90.674814453125,80.307060546875,72427.84,0.2795436175001906,30.0,-11.162722,100000.0
75,e+,3,-69.4781005859375,66.3328076171875,72404.6,0.0019508782060597613,30.0,-11.162722,100000.0
75,e-,2,-99.54115234375,90.5776953125,72451.195,0.2551743295362568,30.0,-11.162722,100000.0
75,e-,2,-98.05560546875,88.34345703125,72446.2,0.06073208045385092,30.0,-11.162722,100000.0
75,e+,3,-98.281728515625,88.25658203125,72446.18,1.039499630062319,30.0,-11.162722,100000.0
75,e-,2,-196.45193359375,-265.48236328125,71987.016,0.007433419287923046,30.0,-11.162722,100000.0
75,e+,3,-203.09896484375,-265.5208984375,71987.23,0.07157017347964591,30.0,-11.162722,100000.0
75,e+,3,1.7876368713378907,-334.985546875,71763.62,0.01177365099805428,30.0,-11.162722,100000.0
75,e-,2,-32.377421875,-363.9071484375,71756.8,0.04404308785511007,30.0,-11.162722,100000.0
75,e+,3,-11.8965234375,-237.513125,71905.96,0.012243727042164145,30.0,-11.162722,100000.0
75,e+,3,-38.9928369140625,-227.86232421875,71979.875,0.0014693159736246905,30.0,-11.162722,100000.0
75,e-,2,-84.667666015625,-177.02689453125,72042.3,0.005557654216407191,30.0,-11.162722,100000.0
75,e+,3,-113.153515625,-145.5319921875,72096.35,0.001972562168291287,30.0,-11.162722,100000.0
75,e+,3,-114.589453125,-143.28734375,72095.414,0.23226592850694006,30.0,-11.162722,100000.0
75,e-,2,-183.48357421875,-157.633525390625,72128.98,0.035620965234584176,30.0,-11.162722,100000.0
75,e+,3,-104.392216796875,-135.811640625,72103.77,0.026320533060643542,30.0,-11.162722,100000.0
75,e+,3,-241.75109375,-398.0705078125,71947.06,0.0023941344409310257,30.0,-11.162722,100000.0
75,e+,3,1123.81375,-885.996875,71410.41,0.004760701887461598,30.0,-11.162722,100000.0
75,e+,3,1019.950546875,197.66421875,72682.75,0.005265881673444471,30.0,-11.162722,100000.0
75,e+,3,-94.3172265625,-89.0513671875,72171.086,0.01462851685105695,30.0,-11.162722,100000.0
75,e-,2,-94.33697265625,-88.96904296875,72171.18,0.025407829622494067,30.0,-11.162722,100000.0
75,e+,3,-309.77193359375,177.283828125,72932.79,0.009510400737486515,30.0,-11.162722,100000.0
75,e+,3,-45.5787451171875,4.4947598266601565,72278.695,0.042289643804685514,30.0,-11.162722,100000.0
75,e+,3,-67.5729931640625,-34.2302978515625,72235.05,0.0383478073552619,30.0,-11.162722,100000.0
75,e+,3,-53.0756787109375,-37.089453125,72224.01,0.05609342928257789,30.0,-11.162722,100000.0
75,e+,3,-114.68607421875,-2.4852105712890626,72318.164,0.010199718144348564,30.0,-11.162722,100000.0
75,e+,3,-47.5961328125,-6.997136840820312,72261.03,0.08152480353362428,30.0,-11.162722,100000.0
75,e-,2,-70.4113232421875,-92.6209765625,72193.41,0.01138185545610118,30.0,-11.162722,100000.0
75,e+,3,-27.22693115234375,-37.90032958984375,72209.28,0.021584664082235788,30.0,-11.162722,100000.0
75,e+,3,-33.03273681640625,-38.40733154296875,72205.06,0.03801496260907837,30.0,-11.162722,100000.0
75,e+,3,-48.2493896484375,-15.615399169921876,72246.35,0.14480368450060166,30.0,-11.162722,100000.0
75,e-,2,-40.376123046875,-14.1132861328125,72243.73,0.22876476037998816,30.0,-11.162722,100000.0
75,e+,3,-176.00048828125,26.52338623046875,72457.664,0.0036809892183656476,30.0,-11.162722,100000.0
75,e-,2,-51.55091796875,-22.8340283203125,72238.62,0.0859901054067946,30.0,-11.162722,100000.0
75,e+,3,-23.728154296875,-45.043125,72189.16,0.008776394064530858,30.0,-11.162722,100000.0
75,e+,3,-24.39832275390625,-31.25411376953125,72212.4,0.0079008239281834,30.0,-11.162722,100000.0
75,e+,3,-20.454771728515624,-49.42365234375,72182.94,0.0025227150716766312,30.0,-11.162722,100000.0
75,e+,3,-21.27605224609375,-49.1526318359375,72183.07,0.02023005866067164,30.0,-11.162722,100000.0
75,e-,2,-26.91545654296875,-38.10188720703125,72198.73,0.03615799064206398,30.0,-11.162722,100000.0
75,e+,3,-26.952080078125,-39.131357421875,72196.57,0.07493007227285192,30.0,-11.162722,100000.0
75,e-,2,-26.152568359375,-36.97365478515625,72199.62,0.22756597432716438,30.0,-11.162722,100000.0
75,e+,3,-42.133828125,-12.850343017578124,72246.55,0.014357852063476789,30.0,-11.162722,100000.0
75,e-,2,-42.171083984375,-12.850997314453124,72246.54,0.049498330662902316,30.0,-11.162722,100000.0
75,e+,3,-16.91104736328125,-24.46340576171875,72217.04,0.01731002006195795,30.0,-11.162722,100000.0
75,e-,2,-5.176521606445313,-39.90758056640625,72193.09,0.033316178882011986,30.0,-11.162722,100000.0
75,e+,3,-27.60972900390625,-20.177315673828126,72226.41,0.04741916689052288,30.0,-11.162722,100000.0
75,e-,2,-27.589658203125,-20.169195556640624,72226.41,0.06439969767391591,30.0,-11.162722,100000.0
75,e+,3,-17.858515625,-30.022587890625,72213.055,0.005832768878897514,30.0,-11.162722,100000.0
75,e+,3,-17.5996533203125,-30.4526708984375,72210.81,0.01343138631287082,30.0,-11.162722,100000.0
75,e-,2,-41.5343115234375,-40.2554296875,72214.86,0.021899373313326205,30.0,-11.162722,100000.0
75,e+,3,-35.68588623046875,-29.703037109375,72217.02,0.2736678112992306,30.0,-11.162722,100000.0
75,e+,3,-20.77375732421875,-15.655059814453125,72230.18,0.1403399156764297,30.0,-11.162722,100000.0
75,e+,3,-56.5184912109375,-64.867392578125,72236.61,0.006753773758244456,30.0,-11.162722,100000.0
75,e+,3,-40.35899169921875,-13.2036279296875,72247.586,0.01873964357884776,30.0,-11.162722,100000.0
75,e-,2,-42.474091796875,-27.3329443359375,72224.08,0.7609873715567091,30.0,-11.162722,100000.0
75,e+,3,-44.3983154296875,-20.53302978515625,72236.18,0.052056274482765966,30.0,-11.162722,100000.0
75,e-,2,-128.0275390625,-7.264470825195312,72340.99,0.029116949122604912,30.0,-11.162722,100000.0
75,e+,3,-79.9309130859375,-36.18796630859375,72252.72,0.005781002621117116,30.0,-11.162722,100000.0
75,e-,2,-71.3830517578125,-14.213885498046874,72267.74,0.1036244282816771,30.0,-11.162722,100000.0
75,e+,3,152.310654296875,66.756669921875,72290.51,0.017860851318950006,30.0,-11.162722,100000.0
75,e-,2,-61.375283203125,30.42109375,72343.24,0.008025128866791648,30.0,-11.162722,100000.0
75,e+,3,-11.388238525390625,-135.457451171875,72127.9,0.0029851110351794257,30.0,-11.162722,100000.0
75,e-,2,-15.57292236328125,58.30509765625,72353.07,0.07641207788159414,30.0,-11.162722,100000.0
75,e-,2,-29.75718994140625,-2.116101837158203,72255.66,0.06973008996477767,30.0,-11.162722,100000.0
75,e+,3,-45.5721435546875,-26.38231201171875,72229.016,0.014093707674625016,30.0,-11.162722,100000.0
75,e-,2,-48.4631103515625,-25.02864013671875,72231.766,0.10448996636906076,30.0,-11.162722,100000.0
75,e+,3,-19.91108642578125,-37.66044677734375,72196.38,0.04569985266048283,30.0,-11.162722,100000.0
75,e+,3,-56.446904296875,-63.314814453125,72203.13,0.008517152720502935,30.0,-11.162722,100000.0
75,e+,3,-38.2367236328125,-32.2496533203125,72215.79,0.026744668963301084,30.0,-11.162722,100000.0
75,e-,2,-44.5412353515625,-35.72708984375,72213.39,0.16437026029097973,30.0,-11.162722,100000.0
75,e+,3,-31.04216796875,-55.5034619140625,72180.3,0.07886156545689925,30.0,-11.162722,100000.0
75,e-,2,-50.3812646484375,-21.73929931640625,72238.055,0.09438637385601216,30.0,-11.162722,100000.0
75,e+,3,43.81046875,-22.869775390625,72190.42,0.013539664930906772,30.0,-11.162722,100000.0
75,e+,3,-51.8077587890625,-29.11592041015625,72235.914,0.004667323403899209,30.0,-11.162722,100000.0
75,e-,2,-30.10565673828125,-38.17613037109375,72203.18,0.10322115257597506,30.0,-11.162722,100000.0
75,e+,3,117.430732421875,-63.0436767578125,72093.73,0.005380647223099807,30.0,-11.162722,100000.0
75,e-,2,98.133984375,-67.7239404296875,72085.984,0.017631633180231726,30.0,-11.162722,100000.0
75,e-,2,97.227734375,-65.479833984375,72089.12,0.1760205904688836,30.0,-11.162722,100000.0
75,e+,3,1140.6909375,-1177.50609375,70111.89,0.0018809561955946182,30.0,-11.162722,100000.0
75,e-,2,1132.806484375,-1164.532734375,70109.266,0.026750832568438666,30.0,-11.162722,100000.0
75,e+,3,-150.418017578125,248.30591796875,72743.945,0.02050037303090816,30.0,-11.162722,100000.0
75,e-,2,-124.9848046875,310.8812890625,72836.7,0.016526893706987292,30.0,-11.162722,100000.0
75,e+,3,-123.417744140625,293.276640625,72798.86,0.07429326557513861,30.0,-11.162722,100000.0
75,e+,3,-88.161279296875,-59.6678173828125,72257.25,0.00765940454534401,30.0,-11.162722,100000.0
75,e+,3,-60.0348193359375,-0.7680852508544922,72280.55,0.008396112662803035,30.0,-11.162722,100000.0
75,e+,3,-14.111143798828126,-263.17798828125,72057.266,0.0036733814453851006,30.0,-11.162722,100000.0
75,e+,3,44.0990625,18.878328857421874,72262.3,0.014033532219437747,30.0,-11.162722,100000.0
75,e+,3,65.8604296875,68.3633984375,72343.94,0.003778183405001485,30.0,-11.162722,100000.0
75,e-,2,-155.25892578125,65.193671875,72465.47,0.00501920354774014,30.0,-11.162722,100000.0
75,e+,3,-155.02025390625,62.478525390625,72458.195,0.040585055671115186,30.0,-11.162722,100000.0
75,e+,3,30.7349169921875,161.21216796875,72484.41,0.0344176664685874,30.0,-11.162722,100000.0
75,e+,3,-84.35884765625,-17.1737353515625,72272.42,0.030902128903207496,30.0,-11.162722,100000.0
75,e-,2,-84.87892578125,-16.903548583984374,72273.19,0.03688362351173672,30.0,-11.162722,100000.0
75,e+,3,-29.76813232421875,-27.17117919921875,72225.97,0.023311803348964266,30.0,-11.162722,100000.0
75,e-,2,-55.3701611328125,-35.397734375,72232.0,0.014434356943628724,30.0,-11.162722,100000.0
75,e+,3,72.4894140625,340.89015625,72762.81,0.03174184037197411,30.0,-11.162722,100000.0
75,e-,2,70.7586962890625,341.075703125,72762.84,0.13041884012378122,30.0,-11.162722,100000.0
75,e+,3,156.10505859375,-628.0680859375,71279.95,0.006793213668580019,30.0,-11.162722,100000.0
75,e+,3,154.140078125,-160.5605078125,72059.664,0.014808423702921639,30.0,-11.162722,100000.0
75,e-,2,462.8869140625,-272.08994140625,71611.95,0.003069522157252611,30.0,-11.162722,100000.0
75,e+,3,461.622734375,-229.1926171875,71798.44,0.021544384090714852,30.0,-11.162722,100000.0
75,e+,3,452.5895703125,-1087.529375,71291.93,0.004324140766841752,30.0,-11.162722,100000.0
75,e+,3,-157.12103515625,270.992578125,72793.11,0.004570422535310541,30.0,-11.162722,100000.0
75,e+,3,-156.639990234375,267.0070703125,72782.73,0.007295329180108955,30.0,-11.162722,100000.0
75,e-,2,-176.8708203125,236.9697265625,72727.41,0.011342421440318776,30.0,-11.162722,100000.0
75,e+,3,-174.124296875,236.7944921875,72722.586,0.21018352841540996,30.0,-11.162722,100000.0
75,e-,2,-164.96861328125,260.1051171875,72762.56,0.02494608649854197,30.0,-11.162722,100000.0
75,e+,3,-166.9499609375,235.65060546875,72720.65,0.008912569952499975,30.0,-11.162722,100000.0
75,e-,2,-168.1483984375,261.127265625,72781.5,0.002180089203325821,30.0,-11.162722,100000.0
75,e+,3,-161.778994140625,268.4788671875,72769.44,0.04631714265962108,30.0,-11.162722,100000.0
75,e-,2,-690.133203125,-427.629921875,72212.74,0.11854293641011376,30.0,-11.162722,100000.0
75,e+,3,112.19345703125,209.16966796875,72624.84,0.013625903866371249,30.0,-11.162722,100000.0
75,e+,3,574.1914453125,-1484.5415625,70057.16,0.03181204468946891,30.0,-11.162722,100000.0
75,e-,2,578.2483203125,-1478.3721875,70058.65,0.16524182695287876,30.0,-11.162722,100000.0
75,e-,2,552.1189453125,-550.996171875,71224.984,0.05046560996590711,30.0,-11.162722,100000.0
75,e+,3,560.6805859375,-545.7132421875,71228.84,0.09459649710950895,30.0,-11.162722,100000.0
75,e-,2,-297.64494140625,-232.93583984375,72077.33,0.13116199985216578,30.0,-11.162722,100000.0
75,e+,3,-297.64181640625,-232.9284765625,72077.336,0.5691354127438413,30.0,-11.162722,100000.0
75,e-,2,-265.4333203125,-294.00439453125,71970.57,0.3552507025125875,30.0,-11.162722,100000.0
75,e-,2,-421.5475,119.784765625,72707.55,0.16605286334651834,30.0,-11.162722,100000.0
75,e+,3,-326.01794921875,-94.70568359375,72402.664,0.002023774480060763,30.0,-11.162722,100000.0
75,e-,2,66.360576171875,62.95369140625,72329.17,0.008777185985972071,30.0,-11.162722,100000.0
75,e+,3,16.8410791015625,-33.57808349609375,72196.48,0.0017894999949294897,30.0,-11.162722,100000.0
75,e+,3,-269.32005859375,-935.4934375,72043.55,0.00954636245002406,30.0,-11.162722,100000.0
75,e+,3,-22.90832275390625,-16.544990234375,72229.03,0.17213722987156568,30.0,-11.162722,100000.0
75,e+,3,-24.63079833984375,-14.022545166015625,72235.87,0.003916255098933362,30.0,-11.162722,100000.0
75,e-,2,-24.53557373046875,-12.740430908203125,72236.62,0.010623902198112755,30.0,-11.162722,100000.0
75,e-,2,-23.262861328125,-14.29178955078125,72232.88,0.0951069233169779,30.0,-11.162722,100000.0
75,e+,3,-462.0050390625,61.7407568359375,72843.36,0.0018557275577197577,30.0,-11.162722,100000.0
75,e-,2,7.571611938476562,-45.24556640625,72243.39,0.007401548892780293,30.0,-11.162722,100000.0
75,e+,3,-69.5639990234375,-595.4958203125,71512.125,0.012026457830529424,30.0,-11.162722,100000.0
75,e-,2,-23.67943359375,0.047686953544616696,72276.56,0.003698466843859199,30.0,-11.162722,100000.0
75,e+,3,437.8308984375,-389.81328125,71975.77,0.00256586595985303,30.0,-11.162722,100000.0
75,e+,3,20.821767578125,34.39486572265625,72282.414,0.10409501836839087,30.0,-11.162722,100000.0
75,e+,3,-480.701640625,-579.6993359375,71704.836,0.03447690747779101,30.0,-11.162722,100000.0
75,e-,2,-482.356484375,-577.782109375,71708.45,0.04115426191369567,30.0,-11.162722,100000.0
75,e+,3,-491.38953125,-582.044375,71711.125,0.03829748764635163,30.0,-11.162722,100000.0
75,e+,3,65.6151220703125,224.0048046875,72611.87,0.024916671135729436,30.0,-11.162722,100000.0
75,e+,3,694.95203125,92.34498046875,72210.49,0.005456751026589439,30.0,-11.162722,100000.0
75,e+,3,-52.798837890625,-215.57234375,71982.23,0.042873887497580906,30.0,-11.162722,100000.0
75,e+,3,56.0660791015625,92.17203125,72401.69,0.00677009815705325,30.0,-11.162722,100000.0
75,e+,3,35.60779052734375,46.7770947265625,72306.234,0.0037450795105921078,30.0,-11.162722,100000.0
75,e-,2,32.97492919921875,64.33087890625,72334.42,0.056824801285556274,30.0,-11.162722,100000.0
75,e+,3,101.563115234375,-48.3522607421875,72134.46,0.008406799719514232,30.0,-11.162722,100000.0
75,e+,3,24.53701904296875,67.2799853515625,72338.26,0.011413485037556537,30.0,-11.162722,100000.0
75,e-,2,468.3248828125,-784.78203125,71596.15,0.06279251274761942,30.0,-11.162722,100000.0
75,e+,3,469.3666796875,-786.513359375,71596.69,0.04952528834192543,30.0,-11.162722,100000.0
75,e+,3,-0.8898741912841797,5.991985473632813,72250.586,0.016662647125866643,30.0,-11.162722,100000.0
75,e-,2,-3.09552734375,4.031738891601562,72248.54,0.02467623747059555,30.0,-11.162722,100000.0
75,e-,2,7.180172729492187,-9.438869018554687,72237.07,0.01148843987196589,30.0,-11.162722,100000.0
75,e-,2,-41.90578125,53.688095703125,72384.69,0.023817416312424917,30.0,-11.162722,100000.0
75,e+,3,1.4906126403808593,-12.257994384765626,72248.69,0.0017625438879054782,30.0,-11.162722,100000.0
75,e-,2,0.0663126516342163,12.097978515625,72261.34,0.010548699745727733,30.0,-11.162722,100000.0
75,e+,3,-1.6541693115234375,13.903739013671874,72262.8,0.18274548895352608,30.0,-11.162722,100000.0
75,e+,3,-4.805513305664062,11.0150244140625,72261.086,0.013630409761636722,30.0,-11.162722,100000.0
75,e+,3,-31.5030322265625,5.878877563476562,72281.42,0.0023537094626618735,30.0,-11.162722,100000.0
75,e+,3,-9.053141479492188,16.62576904296875,72271.63,0.054642233634665756,30.0,-11.162722,100000.0
75,e-,2,-9.155589599609375,15.962593994140626,72270.586,0.2765515823253871,30.0,-11.162722,100000.0
75,e-,2,18.44935546875,12.829432373046876,72251.62,0.009993966192291953,30.0,-11.162722,100000.0
75,e+,3,17.835850830078126,12.825950927734375,72251.43,0.057722311307283315,30.0,-11.162722,100000.0
75,e+,3,14.963294677734375,63.9175,72361.73,0.01222668727971552,30.0,-11.162722,100000.0
75,e+,3,-4.823468322753906,-55.0481201171875,72179.77,0.015308112065123081,30.0,-11.162722,100000.0
75,e+,3,-17.003521728515626,-31.0612744140625,72256.695,0.003977534053849064,30.0,-11.162722,100000.0
75,e-,2,-22.86798828125,15.02805419921875,72284.984,0.015886490616496905,30.0,-11.162722,100000.0
75,e+,3,-1177.93171875,405.0456640625,74139.12,0.01489243377928127,30.0,-11.162722,100000.0
75,e+,3,66.8396142578125,204.9786328125,72543.46,0.004059989802472289,30.0,-11.162722,100000.0
75,e+,3,-136.3958203125,-61.7867138671875,72246.4,0.011522304074064906,30.0,-11.162722,100000.0
75,e+,3,-487.0754296875,-612.1919921875,71672.8,0.008516766093730041,30.0,-11.162722,100000.0
75,e+,3,-494.545234375,-621.558203125,71664.484,0.0452418979530211,30.0,-11.162722,100000.0
75,e-,2,-379.76859375,165.34587890625,72796.28,0.023380735977664387,30.0,-11.162722,100000.0
75,e+,3,496.4930859375,19.57260009765625,72300.51,0.0023332266257138235,30.0,-11.162722,100000.0
75,e-,2,-18.3219677734375,-104.041845703125,72101.17,0.011838242920350782,30.0,-11.162722,100000.0
75,e+,3,-22.6742578125,-75.3171630859375,72141.98,0.019605184257099572,30.0,-11.162722,100000.0
75,e+,3,-118.403984375,-233.5117578125,72022.9,0.008139360510519104,30.0,-11.162722,100000.0
75,e+,3,-128.907861328125,-249.93583984375,72017.24,0.01748104745343398,30.0,-11.162722,100000.0
75,e+,3,583.558125,-312.85533203125,72123.37,0.0014670728056589385,30.0,-11.162722,100000.0
75,e+,3,-123.9656640625,602.718046875,73690.914,0.004923560686386947,30.0,-11.162722,100000.0
75,e+,3,-352.8952734375,396.05296875,73175.945,0.006535187092989833,30.0,-11.162722,100000.0
75,e+,3,-328.6910546875,352.3416796875,73052.14,0.017855008419012545,30.0,-11.162722,100000.0
75,e-,2,-327.65490234375,352.7962109375,73051.59,0.19963833674365675,30.0,-11.162722,100000.0
75,e+,3,280.13234375,-18.17617431640625,72141.016,0.004862487987984713,30.0,-11.162722,100000.0
75,e-,2,31.51232177734375,-112.499072265625,72058.66,0.007295048101801766,30.0,-11.162722,100000.0
75,e+,3,26.53100341796875,-111.688046875,72060.64,0.00898202906967068,30.0,-11.162722,100000.0
75,e-,2,473.3206640625,140.52251953125,72307.35,0.029304107578654877,30.0,-11.162722,100000.0
75,e+,3,67.2908251953125,-84.17330078125,72092.22,0.01815197440047837,30.0,-11.162722,100000.0
75,e+,3,15.9322998046875,-45.231240234375,72174.5,0.0029155489585597815,30.0,-11.162722,100000.0
75,e+,3,-12.268336181640626,-17.0493359375,72228.24,0.029870368080906665,30.0,-11.162722,100000.0
75,e+,3,-32.6045361328125,-29.28546630859375,72217.414,0.3488967529230672,30.0,-11.162722,100000.0
75,e-,2,-23.74667236328125,-15.839530029296874,72233.36,0.06939815541296795,30.0,-11.162722,100000.0
75,e+,3,-36.31643798828125,-6.22218505859375,72260.78,0.02160837334384036,30.0,-11.162722,100000.0
75,e+,3,-42.9714453125,-17.632615966796877,72245.75,0.08111874137538763,30.0,-11.162722,100000.0
75,e-,2,-17.4686767578125,-31.20456298828125,72205.35,0.021449360588616854,30.0,-11.162722,100000.0
75,e+,3,-101.798154296875,-6.94228271484375,72364.36,0.004014012640943954,30.0,-11.162722,100000.0
75,e-,2,-15.047293701171874,-26.14475830078125,72221.29,0.010375157570236503,30.0,-11.162722,100000.0
75,e+,3,-11.186995849609374,-29.03342041015625,72246.266,0.002433777479388824,30.0,-11.162722,100000.0
75,e+,3,-35.2656591796875,-3.8374053955078127,72263.875,0.012622323198360583,30.0,-11.162722,100000.0
75,e-,2,-35.58860107421875,-12.556685791015624,72245.734,0.05283133902868062,30.0,-11.162722,100000.0
75,e-,2,-16.53312255859375,-21.72218505859375,72220.11,0.020875649966486793,30.0,-11.162722,100000.0
75,e+,3,-24.6153369140625,-33.37575439453125,72208.26,0.04788622867619581,30.0,-11.162722,100000.0
75,e+,3,-79.951201171875,-14.145526123046874,72287.41,0.0026309142650887754,30.0,-11.162722,100000.0
75,e+,3,-18.989635009765625,-11.56387451171875,72244.56,0.00840152716849333,30.0,-11.162722,100000.0
75,e-,2,-35.43041259765625,-13.428511962890624,72242.875,0.4499505626630612,30.0,-11.162722,100000.0
75,e+,3,-40.92158935546875,-16.29275634765625,72243.484,0.07715699793774508,30.0,-11.162722,100000.0
75,e+,3,-0.46476696014404295,15.026669921875,72273.19,0.0566272235570259,30.0,-11.162722,100000.0
75,e-,2,-88.77685546875,-17.146102294921874,72308.836,0.0159979501858656,30.0,-11.162722,100000.0
75,e-,2,-8.794401245117188,-32.24775146484375,72200.195,0.017586983052714507,30.0,-11.162722,100000.0
75,e+,3,-13.9617822265625,18.547032470703126,72282.69,0.01537905902122864,30.0,-11.162722,100000.0
75,e+,3,8.212333984375,-111.147763671875,72144.555,0.0024841816196746304,30.0,-11.162722,100000.0
75,e-,2,-25.48357177734375,7.1818914794921875,72278.164,0.0017057476935547968,30.0,-11.162722,100000.0
75,e+,3,-21.44408935546875,1.5563894653320312,72257.586,0.13312376583672592,30.0,-11.162722,100000.0
75,e-,2,-42.369521484375,-1.3068356323242187,72277.59,0.023701539842566108,30.0,-11.162722,100000.0
75,e+,3,-64.41921875,10.75580322265625,72350.375,0.012372505701551234,30.0,-11.162722,100000.0
75,e+,3,-35.730576171875,12.555386962890625,72285.39,0.08389653644980706,30.0,-11.162722,100000.0
75,e+,3,21.12798095703125,-5.5482470703125,72255.375,0.0031021883553490515,30.0,-11.162722,100000.0
75,e-,2,22.84167236328125,-6.546011962890625,72253.07,0.014157265795208788,30.0,-11.162722,100000.0
75,e+,3,-15.979012451171876,-5.7327508544921875,72244.76,0.01101194408716898,30.0,-11.162722,100000.0
75,e+,3,-32.93990234375,0.7860935974121094,72266.98,0.027886344757007773,30.0,-11.162722,100000.0
75,e-,2,-23.85470458984375,-25.8657958984375,72229.65,0.015334492632723969,30.0,-11.162722,100000.0
75,e+,3,-18.929493408203125,-8.016320190429688,72241.97,0.04117050255864335,30.0,-11.162722,100000.0
75,e+,3,-7.2084588623046875,-183.2078125,71999.26,0.09046761003737412,30.0,-11.162722,100000.0
75,e+,3,-394.2317578125,-189.2901953125,72459.41,0.012514442970282905,30.0,-11.162722,100000.0
75,e+,3,-417.2880078125,-186.1011328125,72499.69,0.022290286592249558,30.0,-11.162722,100000.0
75,e+,3,-422.6354296875,-191.4398046875,72502.94,0.06379725515371672,30.0,-11.162722,100000.0
75,e+,3,-397.6909375,-190.08236328125,72463.52,0.004820064346346164,30.0,-11.162722,100000.0
75,e-,2,-392.131328125,-188.89208984375,72459.99,0.003835957347732142,30.0,-11.162722,100000.0
75,e-,2,-415.2941796875,-177.3,72506.48,0.032600330299555,30.0,-11.162722,100000.0
75,e-,2,5.27635498046875,28.7239404296875,72292.1,1.0203035638548166,30.0,-11.162722,100000.0
75,e-,2,-0.6731233978271485,-24.860771484375,72218.516,0.03438341187726461,30.0,-11.162722,100000.0
75,e+,3,43.34478515625,-92.505146484375,72098.54,0.004223520037469445,30.0,-11.162722,100000.0
75,e-,2,37.76010498046875,-89.421044921875,72096.04,0.021842351276125736,30.0,-11.162722,100000.0
75,e+,3,38.20399658203125,-95.406904296875,72095.9,0.0067322696755760456,30.0,-11.162722,100000.0
75,e-,2,34.6988623046875,-93.98650390625,72094.88,0.009356192942056418,30.0,-11.162722,100000.0
75,e+,3,9.192420654296875,-103.41759765625,72128.734,0.002007432999009843,30.0,-11.162722,100000.0
75,e+,3,41.015009765625,-93.838740234375,72088.89,0.03885545976225638,30.0,-11.162722,100000.0
75,e-,2,40.72719482421875,-93.534765625,72089.33,0.3000267369955696,30.0,-11.162722,100000.0
75,e+,3,38.01675048828125,-85.477431640625,72100.39,0.5708431894612711,30.0,-11.162722,100000.0
75,e+,3,35.08516357421875,-90.811806640625,72096.26,0.009710275194438522,30.0,-11.162722,100000.0
75,e+,3,32.287509765625,-90.438056640625,72099.89,0.008872583481198619,30.0,-11.162722,100000.0
75,e-,2,35.27929931640625,-91.7487890625,72094.49,0.05955510331269497,30.0,-11.162722,100000.0
75,e+,3,12.999244384765625,-104.97857421875,72122.695,0.012384401111524402,30.0,-11.162722,100000.0
75,e+,3,15.55143310546875,-68.6678466796875,72142.555,0.003509690348739641,30.0,-11.162722,100000.0
75,e-,2,17.692266845703124,-71.348349609375,72133.25,0.0268830794728769,30.0,-11.162722,100000.0
75,e-,2,36.0841455078125,-90.0151953125,72095.984,0.6786082278553116,30.0,-11.162722,100000.0
75,e-,2,275.19595703125,-139.064345703125,71943.87,0.17148505000319086,30.0,-11.162722,100000.0
75,e+,3,74.2728076171875,-121.650791015625,72027.1,0.004863112994474606,30.0,-11.162722,100000.0
75,e+,3,64.48111328125,-121.472880859375,72033.61,0.018180944245427138,30.0,-11.162722,100000.0
75,e-,2,74.0738623046875,-147.21744140625,71994.555,0.016227805940585108,30.0,-11.162722,100000.0
75,e+,3,75.809150390625,-129.1010546875,72014.35,0.03688336940928614,30.0,-11.162722,100000.0
75,e-,2,82.138525390625,-121.7609375,72017.61,0.9163684880122086,30.0,-11.162722,100000.0
75,e+,3,48.6388818359375,-125.435283203125,72043.914,0.018177407765312122,30.0,-11.162722,100000.0
75,e-,2,69.613525390625,-145.530224609375,72012.89,0.009182558660736471,30.0,-11.162722,100000.0
75,e-,2,101.428623046875,-93.64021484375,72056.11,0.01290116828938575,30.0,-11.162722,100000.0
75,e+,3,119.332548828125,-121.7766015625,72008.266,0.0414357061554665,30.0,-11.162722,100000.0
75,e+,3,89.2496484375,-122.48998046875,72015.26,0.03059919469158506,30.0,-11.162722,100000.0
75,e-,2,84.456181640625,-123.195078125,72014.66,0.2895450986082204,30.0,-11.162722,100000.0
75,e-,2,66.5813330078125,-91.5402734375,72086.336,0.009687019777626805,30.0,-11.162722,100000.0
75,e+,3,74.395947265625,-121.222353515625,72025.2,0.06837876294718669,30.0,-11.162722,100000.0
75,e-,2,78.7518505859375,-114.322666015625,72029.9,0.42447284020339954,30.0,-11.162722,100000.0
75,e+,3,-72.3090283203125,91.68740234375,72432.125,0.023961490738361655,30.0,-11.162722,100000.0
75,e+,3,-3.767982177734375,21.948310546875,72294.1,0.007594849915047611,30.0,-11.162722,100000.0
75,e-,2,2.4151976013183596,155.265908203125,72489.26,0.030613513749348124,30.0,-11.162722,100000.0
75,e+,3,3.5745721435546876,155.158515625,72488.13,0.08312604602795982,30.0,-11.162722,100000.0
75,e+,3,65.0481103515625,-20.201448974609374,72207.94,0.005427936882260413,30.0,-11.162722,100000.0
75,e+,3,-4.561396789550781,15.23515869140625,72306.94,0.0017023640325011912,30.0,-11.162722,100000.0
75,e-,2,-23.48686767578125,-3.7142291259765625,72264.87,0.04190222134463401,30.0,-11.162722,100000.0
75,e+,3,52.662265625,60.0236328125,72316.36,0.0993984540535916,30.0,-11.162722,100000.0
75,e+,3,-41.492841796875,-431.4515234375,71728.914,0.0075574053045848275,30.0,-11.162722,100000.0
75,e+,3,-59.26734375,196.06017578125,72596.11,0.002356934270587997,30.0,-11.162722,100000.0
75,e-,2,-59.9867919921875,197.1454296875,72597.79,0.005970990496968408,30.0,-11.162722,100000.0
75,e+,3,-61.0970068359375,196.02181640625,72594.9,0.0611563009105226,30.0,-11.162722,100000.0
75,e+,3,-189.62095703125,49.4503369140625,72454.945,0.014360140189505311,30.0,-11.162722,100000.0
75,e+,3,-242.23775390625,151.409482421875,72660.45,0.025429668276438725,30.0,-11.162722,100000.0
75,e-,2,204.5425390625,-303.6423046875,71737.96,0.05632331037607276,30.0,-11.162722,100000.0
75,e+,3,192.72794921875,-203.255546875,71866.414,0.0030692899262748405,30.0,-11.162722,100000.0
75,e-,2,-95.297080078125,-311.38767578125,72171.21,0.03019523184667977,30.0,-11.162722,100000.0
75,e+,3,-87.518505859375,-321.96353515625,72155.805,0.017462601796257502,30.0,-11.162722,100000.0
75,e-,2,-104.2570703125,-303.685703125,72185.2,0.05453596963270772,30.0,-11.162722,100000.0
75,e+,3,-34.49508056640625,284.10353515625,72731.53,0.01160292270241545,30.0,-11.162722,100000.0
75,e-,2,-41.51453125,308.68369140625,72777.35,0.0074071782834522325,30.0,-11.162722,100000.0
75,e+,3,31.5351416015625,114.8343359375,72411.836,0.013504588186388434,30.0,-11.162722,100000.0
75,e+,3,-405.250625,-105.190849609375,72959.75,0.005813332085331973,30.0,-11.162722,100000.0
75,e-,2,54.0067724609375,-41.5367919921875,72146.28,0.059606718675202945,30.0,-11.162722,100000.0
75,e+,3,107.7462109375,-62.58125,72106.88,0.006586112824764572,30.0,-11.162722,100000.0
75,e+,3,59.8255908203125,-32.780888671875,72170.9,0.006325472890181102,30.0,-11.162722,100000.0
75,e+,3,40.58915283203125,-18.50801025390625,72193.51,0.012969648822727666,30.0,-11.162722,100000.0
75,e-,2,20.59633544921875,-29.7436376953125,72196.03,0.009244659877643932,30.0,-11.162722,100000.0
75,e-,2,-3.40006591796875,21.11838623046875,72289.164,0.021812765006150432,30.0,-11.162722,100000.0
75,e+,3,-460.09390625,-783.6265625,71581.54,0.058093640596670874,30.0,-11.162722,100000.0
75,e+,3,-1748.06984375,894.314296875,75165.96,0.014121937508202134,30.0,-11.162722,100000.0
75,e-,2,-1745.70984375,894.648359375,75163.9,0.2066300177084479,30.0,-11.162722,100000.0
75,e+,3,50.46162109375,29.4295654296875,72272.0,0.02589005645216466,30.0,-11.162722,100000.0
75,e-,2,2.6853759765625,-41.4555322265625,72176.28,0.11091963777925873,30.0,-11.162722,100000.0
75,e+,3,-78.297138671875,3.257449035644531,72306.42,0.014583177921581177,30.0,-11.162722,100000.0
75,e+,3,-82.40396484375,32.6470654296875,72365.85,0.020091459699016233,30.0,-11.162722,100000.0
75,e+,3,22.26037109375,-84.787734375,72130.78,0.002618044327303245,30.0,-11.162722,100000.0
75,e-,2,22.60275390625,-102.624326171875,72084.49,0.03837344536222506,30.0,-11.162722,100000.0
75,e+,3,127.644404296875,537.5684765625,73167.84,0.0060866062776565415,30.0,-11.162722,100000.0
75,e+,3,184.456796875,-24.782236328125,72125.46,0.026893434618893333,30.0,-11.162722,100000.0
75,e-,2,161.14669921875,-36.273916015625,72119.24,0.01399454148942697,30.0,-11.162722,100000.0
75,e+,3,222.2040234375,-162.668447265625,71898.38,0.03207246585132717,30.0,-11.162722,100000.0
75,e+,3,289.37138671875,-173.55134765625,71865.516,0.005222550916130842,30.0,-11.162722,100000.0
75,e+,3,27.19447509765625,-116.27884765625,72050.5,0.004155016677740497,30.0,-11.162722,100000.0
75,e+,3,21.950654296875,32.10388916015625,72296.99,0.012876704967225783,30.0,-11.162722,100000.0
75,e-,2,46.0330126953125,18.984659423828123,72245.03,0.05762869883928082,30.0,-11.162722,100000.0
75,e+,3,48.210771484375,18.896783447265626,72244.836,0.010888168766265844,30.0,-11.162722,100000.0
75,e-,2,65.187734375,-114.1434375,72027.87,0.02234856368096523,30.0,-11.162722,100000.0
75,e+,3,65.024794921875,-114.36486328125,72027.63,0.027230317126113793,30.0,-11.162722,100000.0
75,e+,3,21.92946533203125,0.8925762176513672,72234.61,0.052484687505573,30.0,-11.162722,100000.0
75,e+,3,85.57826171875,-58.8499658203125,72100.484,0.0804160534611976,30.0,-11.162722,100000.0
75,e-,2,48.0779638671875,-38.88800048828125,72156.86,0.05802868612673655,30.0,-11.162722,100000.0
75,e+,3,155.001630859375,-72.936103515625,72049.38,0.020789417555522705,30.0,-11.162722,100000.0
75,e+,3,14.594444580078125,-9.68980712890625,72225.46,0.06277972711041042,30.0,-11.162722,100000.0
75,e+,3,41.955458984375,-35.81992919921875,72160.72,0.04088265164024167,30.0,-11.162722,100000.0
75,e+,3,-13.4329052734375,-38.3007177734375,72198.8,0.012408597730815384,30.0,-11.162722,100000.0
75,e+,3,39.5100537109375,-108.3618359375,72061.46,0.06563595093414794,30.0,-11.162722,100000.0
75,e+,3,-582.4715625,-388.2144921875,72271.336,0.04181753214922022,30.0,-11.162722,100000.0
75,e+,3,244.2477734375,30.7675732421875,72195.39,0.048962126629190784,30.0,-11.162722,100000.0
75,e-,2,243.96943359375,25.2150146484375,72184.3,0.1295806612448932,30.0,-11.162722,100000.0
75,e+,3,231.90744140625,25.2409521484375,72200.23,0.017874795549138102,30.0,-11.162722,100000.0
75,e-,2,243.93703125,-13.29171142578125,72127.93,0.0026570008725574886,30.0,-11.162722,100000.0
75,e+,3,243.86529296875,-13.10662841796875,72127.61,0.007912425180395997,30.0,-11.162722,100000.0
75,e-,2,-635.06125,-709.377265625,71624.71,0.016393778820355646,30.0,-11.162722,100000.0
75,e+,3,-639.2865234375,-713.35390625,71620.28,0.4254705163796898,30.0,-11.162722,100000.0
75,e+,3,-648.8100390625,-713.379609375,71634.625,0.004486406544123837,30.0,-11.162722,100000.0
75,e+,3,508.759453125,-1282.82640625,70719.266,0.007307463612216854,30.0,-11.162722,100000.0
75,e+,3,254.424765625,-1282.751328125,70285.16,0.014394592063172578,30.0,-11.162722,100000.0
75,e-,2,253.28595703125,-1249.040078125,70306.445,0.004954653792690954,30.0,-11.162722,100000.0
75,e+,3,17.222760009765626,-25.12134521484375,72191.18,0.09300756722485826,30.0,-11.162722,100000.0
75,e-,2,12.388914794921876,-36.4406396484375,72177.33,0.28849409606870324,30.0,-11.162722,100000.0
75,e-,2,-150.8701171875,-339.9171875,71851.32,0.0022465099389070973,30.0,-11.162722,100000.0
75,e+,3,-335.878125,-177.0516015625,72209.0,0.008646605524928016,30.0,-11.162722,100000.0
75,e+,3,-406.3028515625,-172.3896484375,72250.086,0.025478925141943137,30.0,-11.162722,100000.0
75,e+,3,-403.4847265625,-168.76783203125,72253.695,0.036707431991554955,30.0,-11.162722,100000.0
75,e+,3,-412.8498046875,-174.91314453125,72251.27,0.004819955541877843,30.0,-11.162722,100000.0
75,e-,2,-442.3608984375,-177.42212890625,72273.305,0.037907874984710044,30.0,-11.162722,100000.0
75,e+,3,-442.349609375,-177.36818359375,72273.36,0.05433904755414188,30.0,-11.162722,100000.0
75,e+,3,-435.8867578125,-127.54763671875,72351.6,0.04664051898421716,30.0,-11.162722,100000.0
75,e+,3,-596.2080078125,305.556953125,73149.24,0.00932589196744373,30.0,-11.162722,100000.0
75,e+,3,334.6755078125,-93.3375,71980.125,0.0029636303417546472,30.0,-11.162722,100000.0
75,e-,2,-240.07630859375,303.3416796875,72924.94,0.007233558610935453,30.0,-11.162722,100000.0
75,e+,3,-611.0889453125,780.72796875,73937.61,0.026349339923458715,30.0,-11.162722,100000.0
75,e+,3,49.6305322265625,-405.613984375,71766.55,0.001886282401043311,30.0,-11.162722,100000.0
75,e-,2,-562.2654296875,80.627080078125,72844.15,0.0645242310462682,30.0,-11.162722,100000.0
75,e+,3,1074.571875,-1434.984375,71900.77,0.007110666676337704,30.0,-11.162722,100000.0
75,e+,3,223.9459765625,198.4224609375,72471.13,0.007796546743563468,30.0,-11.162722,100000.0
75,e+,3,-40.86564208984375,61.387744140625,72368.3,0.00805409835554992,30.0,-11.162722,100000.0
75,e+,3,-16.53509521484375,11.51088623046875,72270.625,0.04076978237911785,30.0,-11.162722,100000.0
75,e+,3,-452.88125,76.421328125,72833.67,0.021333206210881823,30.0,-11.162722,100000.0
75,e+,3,-392.12390625,265.690703125,73004.79,0.03612350639479885,30.0,-11.162722,100000.0
75,e+,3,-665.878515625,184.0830859375,73248.266,0.00333935920019863,30.0,-11.162722,100000.0
75,e+,3,2.50669189453125,-95.965546875,72091.23,0.06209294134448663,30.0,-11.162722,100000.0
75,e-,2,28.75640625,-68.9130908203125,72120.08,0.009452241575103793,30.0,-11.162722,100000.0
75,e+,3,26.214267578125,-68.712568359375,72121.17,0.048119148885274715,30.0,-11.162722,100000.0
75,e-,2,-587.630390625,90.22248046875,73103.08,0.002177972158210312,30.0,-11.162722,100000.0
75,e+,3,-365.1727734375,-49.52671875,72424.07,0.02351838675279401,30.0,-11.162722,100000.0
75,e+,3,-26.0094775390625,-291.09052734375,71917.2,0.00230366310580801,30.0,-11.162722,100000.0
75,e+,3,-217.00712890625,301.40251953125,72960.82,0.0034467594862723837,30.0,-11.162722,100000.0
75,e+,3,15.28759033203125,-27.64357666015625,72194.77,0.007102223096231265,30.0,-11.162722,100000.0
75,e+,3,-22.99806884765625,15.806351318359376,72294.93,0.003977300523760276,30.0,-11.162722,100000.0
75,e-,2,-25.43139892578125,34.34660400390625,72309.16,0.04925602188120351,30.0,-11.162722,100000.0
75,e+,3,-26.1521533203125,33.8270068359375,72308.88,0.014209719263613084,30.0,-11.162722,100000.0
75,e-,2,-26.17518798828125,33.9081640625,72308.88,0.2493270515975282,30.0,-11.162722,100000.0
75,e+,3,-144.6643359375,-209.1326953125,72048.73,0.008105561126214333,30.0,-11.162722,100000.0
75,e-,2,-15.754747314453125,17.684462890625,72282.86,0.007166828961231588,30.0,-11.162722,100000.0
75,e+,3,-18.349034423828126,20.7041796875,72285.03,0.011291664906613897,30.0,-11.162722,100000.0
75,e+,3,-19.652998046875,5.926538696289063,72274.68,0.002253662879114684,30.0,-11.162722,100000.0
75,e+,3,92.957099609375,145.3169921875,72434.66,0.014385204868309182,30.0,-11.162722,100000.0
75,e-,2,-31.2108740234375,17.159400634765625,72286.766,0.24137111379571702,30.0,-11.162722,100000.0
75,e+,3,26.57624755859375,-35.8401220703125,72176.016,0.010246630812002116,30.0,-11.162722,100000.0
75,e-,2,21.26266357421875,-36.2323828125,72175.72,0.04451878434779257,30.0,-11.162722,100000.0
75,e-,2,-100.62380859375,4.37412353515625,72317.734,0.14747548990994294,30.0,-11.162722,100000.0
75,e+,3,-50.746396484375,70.2359375,72384.03,0.033672715266417866,30.0,-11.162722,100000.0
75,e+,3,-83.589482421875,103.2485546875,72480.25,0.02270914616408359,30.0,-11.162722,100000.0
75,e-,2,-24.22349853515625,57.11390625,72350.25,0.014651437611421098,30.0,-11.162722,100000.0
75,e+,3,578.07078125,-127.5307421875,72077.0,0.0020352146881533213,30.0,-11.162722,100000.0
75,e+,3,36.57343017578125,-2.9349411010742186,72214.97,0.09817411987489569,30.0,-11.162722,100000.0
75,e-,2,33.9443701171875,-1.369193115234375,72218.49,0.3137344399524736,30.0,-11.162722,100000.0
75,e+,3,101.26294921875,-710.351953125,71762.42,0.0030233010597256085,30.0,-11.162722,100000.0
75,e+,3,-100.808837890625,67.7728759765625,72415.67,0.009925418046979849,30.0,-11.162722,100000.0
75,e+,3,189.170390625,-36.7395751953125,72088.12,0.0052471190307712785,30.0,-11.162722,100000.0
75,e+,3,196.02720703125,-38.3990771484375,72075.17,0.940263233287925,30.0,-11.162722,100000.0
75,e-,2,-173.39171875,-257.057109375,72075.19,0.004325194209064343,30.0,-11.162722,100000.0
75,e+,3,67.9706494140625,64.5017333984375,72525.305,0.0020672177582145997,30.0,-11.162722,100000.0
75,e+,3,28.6803955078125,-94.161455078125,72083.57,0.002578918210087866,30.0,-11.162722,100000.0
75,e-,2,28.36153564453125,-91.378369140625,72085.86,0.018772442486002225,30.0,-11.162722,100000.0
75,e+,3,226.32103515625,-99.766005859375,71997.37,0.02151352505881424,30.0,-11.162722,100000.0
75,e-,2,148.22802734375,-33.0985693359375,72115.86,0.01349354097114999,30.0,-11.162722,100000.0
75,e+,3,497.8353515625,166.56146484375,72362.72,0.002236398507423224,30.0,-11.162722,100000.0
75,e-,2,499.1018359375,166.495546875,72360.664,0.004019708698188108,30.0,-11.162722,100000.0
75,e+,3,-39.8869873046875,-137.099169921875,72079.34,0.011033281183797887,30.0,-11.162722,100000.0
75,e+,3,22.09414306640625,-84.507138671875,72148.75,0.0018993621887197906,30.0,-11.162722,100000.0
75,e-,2,-20.72103515625,10.97841552734375,72275.51,0.00836659723041876,30.0,-11.162722,100000.0
75,e+,3,-18.75386474609375,27.89899658203125,72304.9,0.022700314936447207,30.0,-11.162722,100000.0
75,e+,3,-41.1961181640625,6.739862670898438,72281.516,0.05825458346875595,30.0,-11.162722,100000.0
75,e-,2,-36.0057470703125,4.760399169921875,72273.945,0.08741622013303812,30.0,-11.162722,100000.0
75,e+,3,19.61105712890625,-0.5074075317382812,72229.72,0.06741429816732218,30.0,-11.162722,100000.0
75,e+,3,0.33812801361083983,-5.4846728515625,72232.16,0.033297362917245193,30.0,-11.162722,100000.0
75,e+,3,-46.790322265625,11.906148681640625,72290.05,0.03701363789303087,30.0,-11.162722,100000.0
75,e-,2,-48.9745458984375,15.49452880859375,72297.43,0.07853719984336717,30.0,-11.162722,100000.0
75,e-,2,-13.28209716796875,2.385512237548828,72254.78,0.027036337247715765,30.0,-11.162722,100000.0
75,e+,3,-65.1490673828125,5.2828741455078125,72303.59,0.026777858918810522,30.0,-11.162722,100000.0
75,e+,3,4.380740356445313,226.46564453125,72689.664,0.012267953501231936,30.0,-11.162722,100000.0
75,e-,2,-144.6117578125,-4.580399780273438,72342.37,0.015305921265262779,30.0,-11.162722,100000.0
75,e+,3,-120.626826171875,-11.165618896484375,72309.445,0.001876620907307134,30.0,-11.162722,100000.0
75,e-,2,-308.3516015625,-637.824140625,71609.98,0.003809883763120584,30.0,-11.162722,100000.0
75,e+,3,-307.63755859375,-638.144609375,71609.01,0.006470561116865415,30.0,-11.162722,100000.0
75,e-,2,31.84905517578125,23.5742431640625,72267.56,0.024319069902166195,30.0,-11.162722,100000.0
75,e+,3,51.6314990234375,45.375546875,72300.734,0.05137930121877839,30.0,-11.162722,100000.0
75,e-,2,40.54254150390625,18.906243896484376,72255.51,0.042499747680825935,30.0,-11.162722,100000.0
75,e-,2,89.67953125,-22.56364013671875,72166.04,0.008454218743442495,30.0,-11.162722,100000.0
75,e-,2,142.0290234375,158.227861328125,72454.47,0.004428455698363539,30.0,-11.162722,100000.0
75,e-,2,2.557975158691406,-31.296962890625,72191.04,0.04371271832568792,30.0,-11.162722,100000.0
75,e+,3,3.168773498535156,-32.7150927734375,72188.27,0.10809124671405086,30.0,-11.162722,100000.0
75,e+,3,-18.85465576171875,88.31447265625,72473.914,0.003810788729472656,30.0,-11.162722,100000.0
75,e+,3,53.2039404296875,-10.738946533203125,72217.97,0.0031244174490626256,30.0,-11.162722,100000.0
75,e-,2,12.7489501953125,-15.820303955078124,72213.586,0.02383113400716597,30.0,-11.162722,100000.0
75,e-,2,25.473271484375,-58.009873046875,72139.06,0.09991292248856568,30.0,-11.162722,100000.0
75,e-,2,61.405361328125,-79.247099609375,72110.086,0.007295854949125068,30.0,-11.162722,100000.0
75,e+,3,64.459404296875,-79.9440576171875,72104.78,0.03235740749951748,30.0,-11.162722,100000.0
75,e-,2,3.9383944702148437,-57.6218896484375,72150.19,0.010760743751410014,30.0,-11.162722,100000.0
75,e+,3,51.2934228515625,-34.29024169921875,72165.52,0.008109365835486437,30.0,-11.162722,100000.0
75,e+,3,53.1196923828125,-34.76673828125,72164.16,0.036075384772210485,30.0,-11.162722,100000.0
75,e+,3,0.02489106893539429,-24.0422705078125,72209.03,0.018776742714282632,30.0,-11.162722,100000.0
75,e-,2,8.337841186523438,-8.816730346679687,72226.586,0.04460122874247579,30.0,-11.162722,100000.0
75,e-,2,68.4113671875,79.6640380859375,72346.84,0.01487196499430254,30.0,-11.162722,100000.0
75,e+,3,22.4939013671875,12.027626953125,72259.34,0.004726999499856599,30.0,-11.162722,100000.0
75,e-,2,10.187390747070312,2.685105895996094,72238.49,0.49975041989932717,30.0,-11.162722,100000.0
75,e-,2,1.28181640625,15.6715087890625,72267.5,0.01004290057377632,30.0,-11.162722,100000.0
75,e+,3,0.5433020782470703,30.20033203125,72302.77,0.012356928333362664,30.0,-11.162722,100000.0
75,e+,3,25.08180908203125,17.4358544921875,72254.625,0.13594602679909595,30.0,-11.162722,100000.0
75,e-,2,50.16669921875,0.09875650405883789,72253.32,0.011155776536673804,30.0,-11.162722,100000.0
75,e+,3,39.010263671875,-66.679482421875,72122.15,0.02262119439245489,30.0,-11.162722,100000.0
75,e+,3,31.814091796875,-50.4142919921875,72149.21,0.15628134547912462,30.0,-11.162722,100000.0
75,e+,3,10.9788232421875,-11.54881103515625,72215.73,0.00906593562482982,30.0,-11.162722,100000.0
75,e-,2,10.938328857421874,-11.537076416015625,72215.7,0.0418854958358799,30.0,-11.162722,100000.0
75,e+,3,3.712696838378906,12.1442626953125,72261.97,0.005344225201543947,30.0,-11.162722,100000.0
75,e-,2,5.830079345703125,6.994859619140625,72249.88,0.010930790335366992,30.0,-11.162722,100000.0
75,e+,3,11.406629638671875,8.634484252929688,72250.96,0.003155533010928273,30.0,-11.162722,100000.0
75,e+,3,9.192547607421876,7.367593994140625,72246.26,0.17492729835285398,30.0,-11.162722,100000.0
75,e-,2,-31.26902587890625,5.593118896484375,72279.52,0.009029357223638877,30.0,-11.162722,100000.0
75,e-,2,13.75843505859375,-14.649591064453125,72220.375,0.01410905473342725,30.0,-11.162722,100000.0
75,e+,3,24.46507568359375,16.887913818359376,72265.375,0.005108061451476376,30.0,-11.162722,100000.0
75,e+,3,26.55823974609375,4.735869140625,72238.25,0.004246604874187504,30.0,-11.162722,100000.0
75,e+,3,21.229521484375,2.836923828125,72232.26,0.16217885196376144,30.0,-11.162722,100000.0
75,e-,2,42.20958984375,2.584666748046875,72229.89,0.023145461170091034,30.0,-11.162722,100000.0
75,e-,2,7.011685180664062,-19.6580517578125,72210.08,0.02487722421720169,30.0,-11.162722,100000.0
75,e-,2,12.4172314453125,-29.20823486328125,72208.38,0.0036617317693686652,30.0,-11.162722,100000.0
75,e-,2,11.4668408203125,9.31025146484375,72248.39,0.21782867926965024,30.0,-11.162722,100000.0
75,e-,2,-14.5784375,1.8234031677246094,72259.15,0.04088777075920587,30.0,-11.162722,100000.0
75,e+,3,26.4078759765625,-22.19395263671875,72216.44,0.0048572627082766945,30.0,-11.162722,100000.0
75,e+,3,20.012274169921874,-18.196009521484374,72211.2,0.011876677405650645,30.0,-11.162722,100000.0
75,e-,2,-30.36610107421875,0.19188091278076172,72265.42,0.03282126624990325,30.0,-11.162722,100000.0
75,e+,3,-5.0935665893554685,-30.24449462890625,72202.0,0.012164403923678258,30.0,-11.162722,100000.0
75,e-,2,2.824255065917969,-2.8832379150390626,72234.25,0.052803466236224963,30.0,-11.162722,100000.0
75,e+,3,1.0351224517822266,2.6507598876953127,72245.086,0.027690453014194587,30.0,-11.162722,100000.0
75,e-,2,0.2693331527709961,-2.3397959899902343,72236.836,0.06373352218899221,30.0,-11.162722,100000.0
75,e+,3,14.897132568359375,-6.848366088867188,72221.54,0.029684766290160508,30.0,-11.162722,100000.0
75,e-,2,13.485047607421874,-15.30543212890625,72209.07,0.056524221735133835,30.0,-11.162722,100000.0
75,e+,3,13.57976806640625,-15.345465087890625,72208.945,0.23493904629284973,30.0,-11.162722,100000.0
75,e+,3,240.79888671875,33.108857421875,72273.3,0.01051538746348309,30.0,-11.162722,100000.0
75,e+,3,14.853079833984374,-57.45423828125,72168.91,0.012058176236419055,30.0,-11.162722,100000.0
75,e-,2,5.998064575195312,-9.3700244140625,72221.89,0.7210127220441188,30.0,-11.162722,100000.0
75,e+,3,5.7269354248046875,-13.83984130859375,72215.28,0.32329163865507976,30.0,-11.162722,100000.0
75,e+,3,-9.115410766601563,-11.558031005859375,72239.29,0.0037703417781697396,30.0,-11.162722,100000.0
75,e+,3,3.3748709106445314,6.872234497070313,72249.09,0.028642992865869576,30.0,-11.162722,100000.0
75,e-,2,2.714109191894531,6.241043701171875,72248.58,0.029188739121526815,30.0,-11.162722,100000.0
75,e+,3,5.775986328125,-24.54807373046875,72209.81,0.01502816893782366,30.0,-11.162722,100000.0
75,e-,2,-270.603046875,-42.7621630859375,72402.47,0.004336983181034952,30.0,-11.162722,100000.0
75,e-,2,198.12033203125,141.744716796875,72396.984,0.00554042677832268,30.0,-11.162722,100000.0
75,e+,3,52.8777392578125,-36.68261962890625,72156.47,0.03525616761670877,30.0,-11.162722,100000.0
75,e-,2,64.4435302734375,8.732672119140625,72224.164,0.00543717300990117,30.0,-11.162722,100000.0
75,e+,3,65.4226123046875,17.7802490234375,72234.46,0.028708894807622214,30.0,-11.162722,100000.0
75,e+,3,-46.325302734375,-27.1570263671875,72248.84,0.00158582289826135,30.0,-11.162722,100000.0
75,e-,2,535.2895703125,82.9837890625,72191.14,0.0023416046236607656,30.0,-11.162722,100000.0
75,e+,3,535.28359375,83.006845703125,72191.13,0.012700653179777165,30.0,-11.162722,100000.0
75,e-,2,-91.35001953125,87.230537109375,72438.57,0.03346605341826582,30.0,-11.162722,100000.0
75,e+,3,-89.90171875,91.15416015625,72448.52,0.0017957712823143987,30.0,-11.162722,100000.0
75,e+,3,-91.7121875,92.271533203125,72447.08,0.03109955269447238,30.0,-11.162722,100000.0
75,e+,3,42.788583984375,118.008076171875,72407.914,0.01124971093419051,30.0,-11.162722,100000.0
75,e+,3,-158.055927734375,58.1938916015625,72490.695,0.0014836410194937178,30.0,-11.162722,100000.0
75,e+,3,-158.896240234375,130.829248046875,72574.36,0.0397244450607705,30.0,-11.162722,100000.0
75,e+,3,-77.4732568359375,93.38556640625,72452.055,0.008756305673770441,30.0,-11.162722,100000.0
75,e+,3,-2.4392860412597654,6.92858642578125,72282.49,0.008508064537825167,30.0,-11.162722,100000.0
75,e+,3,67.8939794921875,174.5389453125,72509.23,0.004799664285235442,30.0,-11.162722,100000.0
75,e+,3,-136.602333984375,44.1574609375,72405.71,0.03399029703335069,30.0,-11.162722,100000.0
75,e+,3,35.2717529296875,-11.8222119140625,72206.75,0.007577295289686763,30.0,-11.162722,100000.0
75,e+,3,64.0185791015625,20.88624755859375,72240.016,0.008136866615626286,30.0,-11.162722,100000.0
75,e-,2,66.433017578125,25.22208984375,72243.42,0.037156901717659986,30.0,-11.162722,100000.0
75,e+,3,-68.4717724609375,-236.65732421875,71958.58,0.012442212810598062,30.0,-11.162722,100000.0
75,e+,3,-158.045869140625,-249.41568359375,72092.8,0.0022015373482028224,30.0,-11.162722,100000.0
75,e+,3,-116.264931640625,41.1210546875,72426.44,0.010572736045376476,30.0,-11.162722,100000.0
75,e+,3,201.90212890625,53.9797021484375,72258.9,0.005207497381819896,30.0,-11.162722,100000.0
75,e+,3,-71.07390625,-86.340341796875,72164.53,0.005426584747449326,30.0,-11.162722,100000.0
75,e-,2,-75.376806640625,-81.3597802734375,72171.94,0.008125337775580818,30.0,-11.162722,100000.0
75,e+,3,40.28333740234375,-5.782650756835937,72231.055,0.0035295047441536763,30.0,-11.162722,100000.0
75,e-,2,30.6875830078125,-11.064857177734375,72210.85,0.020662753036232412,30.0,-11.162722,100000.0
75,e+,3,143.4138671875,101.38015625,72374.62,0.00367258356411119,30.0,-11.162722,100000.0
75,e+,3,148.462939453125,93.460478515625,72362.89,0.010475894146950155,30.0,-11.162722,100000.0
75,e+,3,75.4893115234375,-49.62318359375,72132.234,0.022705481029288845,30.0,-11.162722,100000.0
75,e+,3,60.230185546875,-23.7685498046875,72177.805,0.009237111021822359,30.0,-11.162722,100000.0
75,e+,3,74.7619091796875,-33.0901220703125,72158.35,0.014897435059677363,30.0,-11.162722,100000.0
75,e-,2,65.214150390625,-30.5923681640625,72158.12,0.16404191955057026,30.0,-11.162722,100000.0
75,e-,2,163.71783203125,-232.74232421875,71886.6,0.043533371196905916,30.0,-11.162722,100000.0
75,e-,2,-2052.59140625,-1360.0684375,73073.914,0.06368196558115755,30.0,-11.162722,100000.0
75,e+,3,956.753828125,-1629.78046875,70076.484,0.20911752322517047,30.0,-11.162722,100000.0
75,e+,3,910.60375,779.408359375,73425.86,0.0040903859219492845,30.0,-11.162722,100000.0
75,e+,3,32.48615234375,36.87234375,72291.48,0.012611254462720003,30.0,-11.162722,100000.0
75,e-,2,19.050491943359376,121.65736328125,72436.836,0.017492967474094543,30.0,-11.162722,100000.0
75,e+,3,-181.51064453125,174.3848828125,72643.414,0.042120708343294205,30.0,-11.162722,100000.0
75,e-,2,-180.71978515625,172.37142578125,72639.445,0.06820383614099862,30.0,-11.162722,100000.0
75,e+,3,133.034443359375,-165.52236328125,71931.92,0.009047292239300201,30.0,-11.162722,100000.0
75,e+,3,-130.870654296875,569.27359375,73291.625,0.0026010077806343686,30.0,-11.162722,100000.0
75,e+,3,185.78408203125,-81.067802734375,72013.484,0.010531488239245677,30.0,-11.162722,100000.0
75,e-,2,-250.76197265625,254.27724609375,72823.28,0.033539697015052675,30.0,-11.162722,100000.0
75,e+,3,-472.2461328125,275.43607421875,73060.836,0.00956945059313602,30.0,-11.162722,100000.0
75,e-,2,25.3924609375,-45.219755859375,72183.11,0.013294831292394423,30.0,-11.162722,100000.0
75,e+,3,156.530263671875,7.573470458984375,72206.17,0.0038959493954386893,30.0,-11.162722,100000.0
75,e+,3,1187.2365625,737.489296875,73104.125,0.8329907705672528,30.0,-11.162722,100000.0
75,e-,2,104.81244140625,143.8128515625,72420.734,0.03451257044060654,30.0,-11.162722,100000.0
75,e+,3,0.644879150390625,-53.74123046875,72165.27,0.011858392318661797,30.0,-11.162722,100000.0
75,e+,3,-80.387919921875,5.18983642578125,72303.41,0.011931502219920094,30.0,-11.162722,100000.0
75,e-,2,-4.543649597167969,33.04448974609375,72299.445,0.04450467459818348,30.0,-11.162722,100000.0
75,e+,3,12.065078125,-5.740968017578125,72225.016,0.23823579341124135,30.0,-11.162722,100000.0
75,e+,3,32.30484375,-2.6235137939453126,72218.19,0.03684284407966293,30.0,-11.162722,100000.0
75,e+,3,34.71128662109375,-3.11768798828125,72215.74,0.07160250968082976,30.0,-11.162722,100000.0
75,e+,3,32.960107421875,-4.071549682617188,72216.94,0.0023240593784240133,30.0,-11.162722,100000.0
75,e+,3,33.648583984375,-3.14122802734375,72215.99,0.5361238515352545,30.0,-11.162722,100000.0
75,e+,3,-52.8513134765625,-8.584351806640624,72263.67,0.012250549971565113,30.0,-11.162722,100000.0
75,e+,3,173.1645703125,-365.118046875,71883.74,0.0031703229803943063,30.0,-11.162722,100000.0
75,e+,3,-1.174840850830078,17.326839599609375,72280.3,0.015800230555353862,30.0,-11.162722,100000.0
75,e-,2,-32.7471630859375,-0.02026311159133911,72263.78,0.0321474786098292,30.0,-11.162722,100000.0
75,e+,3,-21.4415771484375,0.040352492332458495,72254.164,0.09697131883201804,30.0,-11.162722,100000.0
75,e-,2,-24.95938232421875,14.575928955078124,72278.305,0.6434527022745319,30.0,-11.162722,100000.0
75,e-,2,-46.5756591796875,-33.72306884765625,72219.57,0.040341319275452064,30.0,-11.162722,100000.0
75,e-,2,69.864296875,-46.3384326171875,72145.0,0.022611445500231024,30.0,-11.162722,100000.0
75,e-,2,80.9417626953125,-78.09146484375,72089.96,0.0060030283984292354,30.0,-11.162722,100000.0
75,e+,3,81.120791015625,-78.2269580078125,72089.164,0.019349584211982563,30.0,-11.162722,100000.0
75,e+,3,95.445751953125,-26.0291796875,72174.47,0.003010298600395548,30.0,-11.162722,100000.0
75,e-,2,93.8088671875,-32.21502685546875,72162.8,0.009708235432475381,30.0,-11.162722,100000.0
75,e+,3,-56.9149951171875,27.96144775390625,72330.27,0.003730313801871485,30.0,-11.162722,100000.0
75,e-,2,-0.4362101364135742,-49.7846533203125,72164.41,0.048728929736002034,30.0,-11.162722,100000.0
75,e+,3,22.41765380859375,122.20513671875,72437.49,0.014006365135838028,30.0,-11.162722,100000.0
75,e-,2,23.22187744140625,74.2142431640625,72371.58,0.013904187057047554,30.0,-11.162722,100000.0
75,e+,3,-17.954708251953125,-127.17716796875,72069.8,0.006697547056076803,30.0,-11.162722,100000.0
75,e-,2,-17.673179931640625,-126.934638671875,72069.336,0.014689036883831148,30.0,-11.162722,100000.0
75,e-,2,14.421322021484375,-70.2747509765625,72124.84,0.32684394322801114,30.0,-11.162722,100000.0
75,e-,2,20.089066162109376,-33.88741455078125,72178.48,0.006600238787244983,30.0,-11.162722,100000.0
75,e+,3,19.642420654296874,-32.28091552734375,72179.984,0.0557246265679362,30.0,-11.162722,100000.0
75,e+,3,39.26294677734375,-34.7689892578125,72173.04,0.02114700738586919,30.0,-11.162722,100000.0
75,e-,2,102.3709375,-87.42611328125,72059.18,0.02042622340247729,30.0,-11.162722,100000.0
75,e-,2,94.411318359375,-74.5354052734375,72072.984,0.03805779390176065,30.0,-11.162722,100000.0
75,e+,3,103.83318359375,-108.6657421875,72034.12,0.02090864486271017,30.0,-11.162722,100000.0
75,e+,3,80.4938330078125,-20.62716552734375,72164.625,0.041180580057750056,30.0,-11.162722,100000.0
75,e+,3,46.2221875,11.06967529296875,72232.33,0.05383223636396452,30.0,-11.162722,100000.0
75,e+,3,172.497734375,-297.18537109375,71896.28,0.002675081433654302,30.0,-11.162722,100000.0
75,e-,2,-76.6563818359375,1090.039140625,74293.93,0.45351274975386763,30.0,-11.162722,100000.0
75,e+,3,-138.4937890625,368.9364453125,72963.17,0.006323991813865802,30.0,-11.162722,100000.0
75,e+,3,112.09396484375,123.75326171875,72375.54,0.1059429333990234,30.0,-11.162722,100000.0
75,e+,3,19.927393798828124,-26.53765625,72187.03,0.08722473202902531,30.0,-11.162722,100000.0
75,e+,3,19.098812255859375,-25.5442431640625,72189.016,0.07590495401313244,30.0,-11.162722,100000.0
75,e-,2,19.77437255859375,-25.9462939453125,72187.945,0.33764871416014786,30.0,-11.162722,100000.0
75,e-,2,51.618251953125,-88.052607421875,72081.85,0.017011416958302154,30.0,-11.162722,100000.0
75,e+,3,-237.0521875,-57.5937158203125,72426.98,0.0047119137785769614,30.0,-11.162722,100000.0
75,e+,3,151.507763671875,5.721766357421875,72183.82,0.03662800111243807,30.0,-11.162722,100000.0
75,e+,3,-135.846025390625,-38.96505615234375,72421.96,0.0027033165180850604,30.0,-11.162722,100000.0
75,e-,2,345.638125,-80.61060546875,72044.99,0.016589849082589023,30.0,-11.162722,100000.0
75,e-,2,338.5730078125,-33.56115234375,72025.22,0.10615446604721203,30.0,-11.162722,100000.0
75,e+,3,348.2460546875,-29.68244140625,72035.875,0.007850955214715925,30.0,-11.162722,100000.0
75,e-,2,352.26296875,-29.296904296875,72035.39,0.013342611986786662,30.0,-11.162722,100000.0
75,e+,3,314.35123046875,-23.62082275390625,72057.59,0.0036220961491543816,30.0,-11.162722,100000.0
75,e+,3,352.6602734375,-39.3283154296875,72011.56,0.006538248686997765,30.0,-11.162722,100000.0
75,e-,2,350.7163671875,-38.00612548828125,72013.39,0.01669586847411488,30.0,-11.162722,100000.0
75,e+,3,347.74328125,-44.46927734375,72005.19,0.03625796671716128,30.0,-11.162722,100000.0
75,e-,2,355.564921875,-37.083984375,72012.875,0.16027500683400825,30.0,-11.162722,100000.0
75,e+,3,911.259609375,-536.0407421875,71044.73,0.576367315402691,30.0,-11.162722,100000.0
75,e+,3,59.4235498046875,31.1605908203125,72258.164,0.031764187110162434,30.0,-11.162722,100000.0
75,e-,2,58.349609375,32.70219482421875,72261.09,0.10351674480707139,30.0,-11.162722,100000.0
75,e+,3,12.400574951171874,-27.766767578125,72198.77,0.01002913806113301,30.0,-11.162722,100000.0
75,e-,2,-37.89573974609375,132.03044921875,72479.086,0.023771056847696516,30.0,-11.162722,100000.0
75,e+,3,3.7583184814453126,95.903359375,72391.77,0.044773583825721996,30.0,-11.162722,100000.0
75,e-,2,2.215638427734375,89.6911328125,72380.71,0.0721116036021629,30.0,-11.162722,100000.0
75,e-,2,144.14564453125,298.18232421875,72655.81,0.014800290389545077,30.0,-11.162722,100000.0
75,e+,3,142.07982421875,284.6647265625,72634.33,0.025292066871880542,30.0,-11.162722,100000.0
75,e+,3,633.3596484375,-1181.58765625,70428.64,0.022693026647595843,30.0,-11.162722,100000.0
75,e+,3,16.851903076171876,-180.5387109375,71973.39,0.005931383206267116,30.0,-11.162722,100000.0
75,e+,3,-4.278907470703125,-42.2911328125,72177.414,0.0467364415147542,30.0,-11.162722,100000.0
75,e+,3,-12.690869140625,90.82029296875,72401.13,0.0020752774244235032,30.0,-11.162722,100000.0
75,e+,3,-10.974857177734375,91.436904296875,72397.24,0.025672762089633663,30.0,-11.162722,100000.0
75,e+,3,-0.7016459655761719,76.4469873046875,72389.76,0.005210712307876805,30.0,-11.162722,100000.0
75,e+,3,20.71770263671875,122.128818359375,72442.7,0.005007320303339463,30.0,-11.162722,100000.0
75,e+,3,-76.093251953125,-95.108935546875,72147.89,0.016667766705857245,30.0,-11.162722,100000.0
75,e+,3,-51.0040478515625,-82.77388671875,72153.375,0.011549141308282008,30.0,-11.162722,100000.0
75,e+,3,-57.7698828125,-56.298232421875,72190.6,0.11460940832618921,30.0,-11.162722,100000.0
75,e+,3,563.332109375,-888.582265625,71119.23,0.0031125888303781494,30.0,-11.162722,100000.0
75,e+,3,86.868759765625,-40.55239013671875,72130.74,0.07047872498956917,30.0,-11.162722,100000.0
75,e+,3,87.8590625,-41.75466796875,72128.35,0.09720662307436434,30.0,-11.162722,100000.0
75,e-,2,-39.91342041015625,-263.0709765625,71906.58,0.004879703359803734,30.0,-11.162722,100000.0
75,e+,3,-40.00683349609375,-262.9890234375,71906.62,0.010016998653198425,30.0,-11.162722,100000.0
75,e+,3,634.618984375,-458.3734375,71389.16,0.022648747725170077,30.0,-11.162722,100000.0
75,e+,3,-60.7031640625,72.2175244140625,72393.17,0.026010780896782392,30.0,-11.162722,100000.0
75,e-,2,-60.7038427734375,72.2518603515625,72393.22,0.05418779300851465,30.0,-11.162722,100000.0
75,e+,3,18.378046875,19.84986083984375,72266.445,0.030119969713718706,30.0,-11.162722,100000.0
75,e+,3,-44.3600634765625,76.915283203125,72391.94,0.00757176561500826,30.0,-11.162722,100000.0
75,e-,2,-41.78904296875,74.076533203125,72383.96,0.030038042074694873,30.0,-11.162722,100000.0
75,e+,3,0.6491907501220703,47.077431640625,72334.9,0.006917154710766571,30.0,-11.162722,100000.0
75,e+,3,-6.3363885498046875,40.774423828125,72314.93,0.03523579061157984,30.0,-11.162722,100000.0
75,e-,2,28.32501220703125,51.73552734375,72312.74,0.0058971337499109325,30.0,-11.162722,100000.0
75,e-,2,-43.96078125,-134.12669921875,72082.234,0.006049423398800026,30.0,-11.162722,100000.0
75,e+,3,-241.9647265625,272.4414453125,72937.35,0.002265063978164157,30.0,-11.162722,100000.0
75,e-,2,-156.473134765625,65.8954248046875,72462.625,0.1305268524875915,30.0,-11.162722,100000.0
75,e+,3,81.2687841796875,-168.03375,71950.94,0.006639987128921577,30.0,-11.162722,100000.0
75,e+,3,-64.4583935546875,-11.07457763671875,72291.18,0.010775820116371675,30.0,-11.162722,100000.0
75,e+,3,3.56135009765625,-19.68115234375,72232.31,0.0056396605167228185,30.0,-11.162722,100000.0
75,e+,3,-36.37906494140625,346.5100390625,73055.23,0.0014564874653713725,30.0,-11.162722,100000.0
75,e+,3,51.0559716796875,26.101845703125,72280.016,0.0068597986583359,30.0,-11.162722,100000.0
75,e-,2,37.876416015625,16.886689453125,72250.4,0.04155221769581143,30.0,-11.162722,100000.0
75,e+,3,41.1678515625,9.985216064453125,72234.15,0.14378136150067927,30.0,-11.162722,100000.0
75,e+,3,111.983134765625,-77.4651123046875,72144.09,0.005626379490607391,30.0,-11.162722,100000.0
75,e+,3,112.715576171875,-116.6612890625,72046.35,0.023933584910791558,30.0,-11.162722,100000.0
75,e-,2,2.547393493652344,-12.412421875,72220.15,0.12156037650856946,30.0,-11.162722,100000.0
75,e+,3,2.1920402526855467,-14.6567626953125,72216.26,0.10265836174393649,30.0,-11.162722,100000.0
75,e+,3,86.730693359375,7.929574584960937,72250.766,0.05783050298122181,30.0,-11.162722,100000.0
75,e+,3,35.409482421875,-24.4431591796875,72193.72,0.01875567640533778,30.0,-11.162722,100000.0
75,e-,2,14.512369384765625,-20.084088134765626,72202.23,0.024881364986584845,30.0,-11.162722,100000.0
75,e+,3,28.858681640625,-39.28225830078125,72167.32,0.1475787021474556,30.0,-11.162722,100000.0
75,e+,3,70.07759765625,6.186383666992188,72227.164,0.002855543632229078,30.0,-11.162722,100000.0
75,e-,2,-61.259287109375,-44.4522216796875,72224.26,0.0035677420109622767,30.0,-11.162722,100000.0
75,e+,3,-62.5158251953125,-43.1839404296875,72222.85,0.05508952701802876,30.0,-11.162722,100000.0
75,e-,2,-4.595980224609375,-18.1968603515625,72218.414,0.01835823149890407,30.0,-11.162722,100000.0
75,e+,3,-3.836180419921875,-14.867626953125,72221.43,0.024713951747383296,30.0,-11.162722,100000.0
75,e+,3,-39.054658203125,41.645966796875,72347.87,0.027050347251340985,30.0,-11.162722,100000.0
75,e+,3,42.96380859375,24.5191064453125,72256.23,0.014042268149278744,30.0,-11.162722,100000.0
75,e-,2,42.91591796875,24.52906005859375,72256.26,0.01806825457034581,30.0,-11.162722,100000.0
75,e+,3,340.7417578125,124.75072265625,72267.06,0.0066851009243922436,30.0,-11.162722,100000.0
75,e+,3,528.6123046875,184.00833984375,72418.664,0.011258764054783271,30.0,-11.162722,100000.0
75,e+,3,12.69389404296875,-88.48943359375,72099.76,0.060081973535928694,30.0,-11.162722,100000.0
75,e+,3,4.155416564941406,-92.750537109375,72099.85,0.038746078772515756,30.0,-11.162722,100000.0
75,e-,2,-15.54707763671875,-99.030390625,72111.43,0.03531981380057175,30.0,-11.162722,100000.0
75,e-,2,0.9743244934082032,15.498123779296876,72274.81,0.004346391472042678,30.0,-11.162722,100000.0
75,e-,2,29.51655029296875,60.1923681640625,72336.84,0.00482258219957904,30.0,-11.162722,100000.0
75,e+,3,-53.980302734375,82.243515625,72450.555,0.0064224201350697825,30.0,-11.162722,100000.0
75,e+,3,30.5410009765625,-22.07693603515625,72188.67,0.20767988696318365,30.0,-11.162722,100000.0
75,e+,3,17.38718505859375,-5.358250732421875,72222.14,0.06903821990164097,30.0,-11.162722,100000.0
75,e-,2,17.246041259765626,-9.784810791015625,72214.836,0.11228662363003793,30.0,-11.162722,100000.0
75,e+,3,56.7127197265625,3.3321524047851563,72227.41,0.021517990950938662,30.0,-11.162722,100000.0
75,e+,3,15.20974609375,-23.00170654296875,72199.43,0.002134260657168509,30.0,-11.162722,100000.0
75,e-,2,16.037567138671875,-21.74640625,72197.5,0.2631518430448146,30.0,-11.162722,100000.0
75,e+,3,10.24197021484375,15.353701171875,72266.586,0.03171252722318373,30.0,-11.162722,100000.0
75,e+,3,-22.97580078125,-14.70960693359375,72243.305,0.0023488810595257937,30.0,-11.162722,100000.0
75,e-,2,-37.0118896484375,-16.205184326171874,72241.84,0.02375913396508011,30.0,-11.162722,100000.0
75,e+,3,-32.56540771484375,-23.72161865234375,72223.805,0.18065562076369523,30.0,-11.162722,100000.0
75,e+,3,-23.09762939453125,61.452529296875,72358.35,0.018611534868735142,30.0,-11.162722,100000.0
75,e+,3,-119.398037109375,25.90201416015625,72366.01,0.01114549298715546,30.0,-11.162722,100000.0
75,e+,3,80.82794921875,-1166.464375,70776.43,0.01391354921961431,30.0,-11.162722,100000.0
75,e+,3,79.6536328125,-1122.303984375,70796.36,0.0016417124120185814,30.0,-11.162722,100000.0
75,e+,3,-575.499765625,-3232.334375,70424.75,0.007697282304163601,30.0,-11.162722,100000.0
75,e-,2,1942.38359375,-932.355703125,70914.8,0.011410623362693816,30.0,-11.162722,100000.0
75,e+,3,-41.2919677734375,-95.29775390625,72131.96,0.02002792231350042,30.0,-11.162722,100000.0
75,e+,3,999.14265625,26.6268994140625,71953.12,0.02300624774928625,30.0,-11.162722,100000.0
75,e+,3,-80.3618994140625,8.4114501953125,72355.61,0.0035508555461561393,30.0,-11.162722,100000.0
75,e-,2,-80.5726513671875,8.269039306640625,72354.1,0.013068717887568318,30.0,-11.162722,100000.0
75,e+,3,10.528779296875,18.01147705078125,72286.71,0.006505765120798576,30.0,-11.162722,100000.0
75,e+,3,-0.5765199661254883,2.834791564941406,72250.03,0.05202644043729573,30.0,-11.162722,100000.0
75,e-,2,-37.04141845703125,21.96756591796875,72301.25,0.05371201443600361,30.0,-11.162722,100000.0
75,e-,2,-8.573220825195312,50.862138671875,72328.555,0.0033267467751665327,30.0,-11.162722,100000.0
75,e+,3,-7.46754150390625,49.9825537109375,72324.08,0.018357458211029593,30.0,-11.162722,100000.0
75,e+,3,-729.3884375,1560.53703125,75658.97,0.012529136206057051,30.0,-11.162722,100000.0
75,e+,3,-367.739140625,638.01203125,73774.59,0.002457170434535992,30.0,-11.162722,100000.0
75,e-,2,123.045810546875,-243.015390625,71819.34,0.0069512491450671576,30.0,-11.162722,100000.0
75,e+,3,123.684853515625,-245.39923828125,71813.26,0.0159447860925693,30.0,-11.162722,100000.0
75,e-,2,-731.671640625,21.44474853515625,72844.97,0.03174888148833851,30.0,-11.162722,100000.0
75,e-,2,-91.5019921875,500.9904296875,73414.695,0.025956751147998412,30.0,-11.162722,100000.0
75,e+,3,-83.527119140625,485.5300390625,73376.05,0.480489380254666,30.0,-11.162722,100000.0
75,e+,3,-790.835234375,-217.9372265625,73136.08,0.012914486102229655,30.0,-11.162722,100000.0
75,e-,2,-753.2709375,-222.53162109375,73039.51,0.025393046661270575,30.0,-11.162722,100000.0
75,e+,3,-757.269609375,-222.18337890625,73048.18,0.041247899172051634,30.0,-11.162722,100000.0
75,e-,2,-763.19546875,-223.90283203125,73060.56,0.03824136888030372,30.0,-11.162722,100000.0
75,e+,3,209.2951171875,-428.7916796875,73049.56,0.06333949294622915,30.0,-11.162722,100000.0
75,e-,2,-44.9558984375,-53.1885302734375,72294.47,0.005664965056527946,30.0,-11.162722,100000.0
75,e+,3,-33.04853759765625,-3.3131304931640626,72324.67,0.11738770864331065,30.0,-11.162722,100000.0
75,e+,3,57.1458935546875,-89.837587890625,72086.05,0.01156918250720534,30.0,-11.162722,100000.0
75,e-,2,57.0251513671875,-93.441953125,72081.16,0.013616220701691996,30.0,-11.162722,100000.0
75,e+,3,162.71302734375,-145.267470703125,71963.13,0.0033416576485649848,30.0,-11.162722,100000.0
75,e+,3,166.192890625,-141.884541015625,71958.36,0.054662864025880886,30.0,-11.162722,100000.0
75,e+,3,-290.6441015625,-166.70677734375,72282.1,0.05426729098469588,30.0,-11.162722,100000.0
75,e-,2,-289.3736328125,-166.81236328125,72279.8,0.18887197930014443,30.0,-11.162722,100000.0
75,e+,3,-122.271044921875,-216.46013671875,72044.78,0.017514835186957633,30.0,-11.162722,100000.0
75,e+,3,-170.3971875,-169.062265625,72146.66,0.028791568832386802,30.0,-11.162722,100000.0
75,e-,2,-159.22890625,-193.38431640625,72105.3,0.045616973524916754,30.0,-11.162722,100000.0
75,e+,3,-226.71400390625,349.712578125,73093.96,0.01953677303788315,30.0,-11.162722,100000.0
75,e+,3,-755.589296875,505.9577734375,74059.39,0.15027341870514394,30.0,-11.162722,100000.0
75,e+,3,68.147138671875,-827.335390625,71586.695,0.006055227900757438,30.0,-11.162722,100000.0
75,e-,2,1296.59765625,-435.181953125,71315.36,0.007355751850827657,30.0,-11.162722,100000.0
75,e-,2,1307.50953125,-435.884609375,71299.8,0.012608671960854089,30.0,-11.162722,100000.0
75,e+,3,1308.8915625,-434.1527734375,71301.516,0.09480475485715564,30.0,-11.162722,100000.0
75,e+,3,30.03733642578125,-242.56375,71896.22,0.0022037439756875973,30.0,-11.162722,100000.0
75,e+,3,33.74836669921875,-236.4784375,71905.445,0.008147505083643954,30.0,-11.162722,100000.0
75,e-,2,54.8571337890625,-204.81443359375,71901.06,0.40113337039465324,30.0,-11.162722,100000.0
75,e-,2,-98.986259765625,-57.69611328125,72213.31,0.08745111644202186,30.0,-11.162722,100000.0
75,e-,2,-122.888056640625,568.269765625,73302.484,0.016347590197326355,30.0,-11.162722,100000.0
75,e+,3,126.804130859375,15.905830078125,72201.29,0.022485837641600982,30.0,-11.162722,100000.0
75,e-,2,94.246015625,-179.8583203125,71934.79,0.03871037746559338,30.0,-11.162722,100000.0
75,e+,3,51.895224609375,-199.73521484375,71941.586,0.0025703171374943778,30.0,-11.162722,100000.0
75,e-,2,95.2954296875,13.707947998046874,72210.734,0.009421100886365037,30.0,-11.162722,100000.0
75,e+,3,-121.292802734375,132.467509765625,72553.48,0.014607229993016224,30.0,-11.162722,100000.0
75,e-,2,-139.197919921875,295.52787109375,72824.3,0.014496068190314525,30.0,-11.162722,100000.0
75,e+,3,-139.123017578125,295.93634765625,72824.98,0.0166690357656129,30.0,-11.162722,100000.0
75,e+,3,297.42619140625,-653.854921875,71193.18,0.008717906342986796,30.0,-11.162722,100000.0
75,e-,2,65.2804638671875,9.4232568359375,72217.836,0.057109037822847306,30.0,-11.162722,100000.0
75,e+,3,66.71572265625,8.53099365234375,72215.586,0.08509271466808813,30.0,-11.162722,100000.0
75,e+,3,46.304541015625,6.369680786132813,72234.52,0.0017934700316498476,30.0,-11.162722,100000.0
75,e+,3,50.055341796875,8.883843383789063,72236.81,0.004368603357170763,30.0,-11.162722,100000.0
75,e+,3,56.070859375,-4.428361511230468,72202.69,0.04583045594373522,30.0,-11.162722,100000.0
75,e+,3,-17.769464111328126,12.662930908203125,72272.89,0.021991074087394192,30.0,-11.162722,100000.0
75,e-,2,-19.162435302734377,5.645706787109375,72261.234,0.054526976772907285,30.0,-11.162722,100000.0
75,e+,3,100.45119140625,-171.18248046875,71929.62,0.006575935980240935,30.0,-11.162722,100000.0
75,e-,2,100.181826171875,-173.14150390625,71926.36,0.00908187704811927,30.0,-11.162722,100000.0
75,e+,3,404.3202734375,93.781396484375,72236.25,0.0036743521216312833,30.0,-11.162722,100000.0
75,e+,3,376.039921875,-760.5725,71998.2,0.002316115390366836,30.0,-11.162722,100000.0
75,e+,3,-8.034361572265626,-0.2946087074279785,72278.98,0.001427578713372854,30.0,-11.162722,100000.0
75,e+,3,1.6363919067382813,-34.247275390625,72203.89,0.03814254211318261,30.0,-11.162722,100000.0
75,e+,3,59.354052734375,36.3460888671875,72265.67,0.038515980159469616,30.0,-11.162722,100000.0
75,e-,2,204.294765625,-289.2762109375,71728.54,0.004350527169868898,30.0,-11.162722,100000.0
75,e+,3,208.5149609375,-309.53373046875,71690.02,0.008181830842181232,30.0,-11.162722,100000.0
75,e+,3,54.8213623046875,48.4444482421875,72286.47,0.027676555110952922,30.0,-11.162722,100000.0
75,e+,3,202.896953125,-0.5696306610107422,72141.33,0.015593800875966332,30.0,-11.162722,100000.0
75,e-,2,35.55372314453125,30.2124951171875,72266.9,0.08550579775966875,30.0,-11.162722,100000.0
75,e+,3,-10.12630859375,-17.290750732421873,72249.08,0.00239225386589154,30.0,-11.162722,100000.0
75,e+,3,-7.8917388916015625,-9.391488647460937,72240.45,0.005460306793162866,30.0,-11.162722,100000.0
75,e+,3,-4.212625427246094,4.512284851074218,72252.06,0.018465381830778206,30.0,-11.162722,100000.0
75,e-,2,-8.8036474609375,8.949301147460938,72259.27,1.0115314819293522,30.0,-11.162722,100000.0
75,e+,3,-25.39748291015625,-37.783076171875,72201.03,0.016226659484633338,30.0,-11.162722,100000.0
75,e-,2,-131.1509765625,-32.08855224609375,72303.234,0.01411607706310966,30.0,-11.162722,100000.0
75,e+,3,-362.5668359375,-155.803720703125,72287.42,0.00817593578415714,30.0,-11.162722,100000.0
75,e-,2,-364.9577734375,-148.232998046875,72299.01,0.015590882736681992,30.0,-11.162722,100000.0
75,e-,2,47.813671875,-240.59328125,71889.86,0.002910199513923516,30.0,-11.162722,100000.0
75,e+,3,41.4272314453125,-234.24615234375,71901.29,0.005415323423215381,30.0,-11.162722,100000.0
75,e+,3,-132.87927734375,19.41424560546875,72368.8,0.005240521078475979,30.0,-11.162722,100000.0
75,e+,3,-886.832578125,-136.165908203125,72735.36,0.005135386877505232,30.0,-11.162722,100000.0
75,e-,2,-898.068515625,-75.430302734375,72855.19,0.017262679860899143,30.0,-11.162722,100000.0
75,e+,3,-894.62859375,-69.220576171875,72864.23,0.020910653498335274,30.0,-11.162722,100000.0
75,e+,3,-263.9584765625,19.569759521484375,72443.1,0.1069307365143183,30.0,-11.162722,100000.0
75,e-,2,-270.98251953125,35.52013916015625,72470.836,0.3366266806003773,30.0,-11.162722,100000.0
75,e+,3,-235.509921875,9.630690307617188,72433.445,0.0014592727838181152,30.0,-11.162722,100000.0
75,e+,3,-241.9709765625,18.86981201171875,72436.125,0.0049464357753846834,30.0,-11.162722,100000.0
75,e-,2,-248.26072265625,15.66365478515625,72426.35,0.042293094839348885,30.0,-11.162722,100000.0
75,e+,3,-199.97181640625,-11.01603759765625,72400.04,0.0026487787799636003,30.0,-11.162722,100000.0
75,e+,3,-281.0032421875,51.2980029296875,72502.67,0.013294756386623916,30.0,-11.162722,100000.0
75,e-,2,-280.33677734375,50.908173828125,72501.22,0.0339851084949365,30.0,-11.162722,100000.0
75,e-,2,-276.58822265625,50.4426220703125,72497.95,0.1833201428690385,30.0,-11.162722,100000.0
75,e+,3,288.37291015625,-261.90869140625,71697.13,0.010073112521667668,30.0,-11.162722,100000.0
75,e+,3,295.2863671875,-241.91962890625,71713.125,0.0020335805943598826,30.0,-11.162722,100000.0
75,e+,3,-110.131826171875,-10.581783447265625,72298.46,0.009716944936445992,30.0,-11.162722,100000.0
75,e+,3,-111.34736328125,-28.31192138671875,72267.91,0.020152301476599535,30.0,-11.162722,100000.0
75,e+,3,-68.705947265625,30.48643798828125,72357.85,0.0035545974754825098,30.0,-11.162722,100000.0
75,e-,2,-76.320556640625,21.442783203125,72343.05,0.045420234931384126,30.0,-11.162722,100000.0
75,e+,3,-30.7847021484375,201.29896484375,72595.24,0.060345977155556486,30.0,-11.162722,100000.0
75,e+,3,228.42005859375,-385.4477734375,71745.13,0.006131941101835729,30.0,-11.162722,100000.0
75,e+,3,-51.5308544921875,-78.0454296875,72189.234,0.006700428895747281,30.0,-11.162722,100000.0
75,e-,2,-11.4872802734375,-31.073203125,72198.99,0.06881910988946097,30.0,-11.162722,100000.0
75,e+,3,-11.1252685546875,-29.56426513671875,72200.92,0.3340805669977822,30.0,-11.162722,100000.0
75,e+,3,-24.792080078125,-19.879261474609375,72228.72,0.01866475680946955,30.0,-11.162722,100000.0
75,e+,3,-9.6538232421875,-72.55177734375,72167.414,0.009500175465573411,30.0,-11.162722,100000.0
75,e-,2,-11.981531982421876,-14.4644287109375,72225.89,0.09051457724984589,30.0,-11.162722,100000.0
75,e+,3,-3.314466552734375,-18.355235595703125,72219.02,0.00627734513321855,30.0,-11.162722,100000.0
75,e-,2,-16.38487548828125,-56.2050830078125,72169.24,0.017930927234359476,30.0,-11.162722,100000.0
75,e+,3,35.55113525390625,4.240325927734375,72231.26,0.041893068349470534,30.0,-11.162722,100000.0
75,e-,2,-351.7671875,-94.449052734375,72394.1,0.010134777718384336,30.0,-11.162722,100000.0
75,e+,3,-351.0955078125,-86.896630859375,72398.17,0.13183609568108842,30.0,-11.162722,100000.0
75,e+,3,-271.5793359375,49.1140576171875,72528.11,0.015191102749651457,30.0,-11.162722,100000.0
75,e+,3,-316.62181640625,-10.21455810546875,72470.164,0.004456537828386944,30.0,-11.162722,100000.0
75,e+,3,776.77734375,-66.1395751953125,71810.56,0.00813244077993971,30.0,-11.162722,100000.0
75,e+,3,346.67421875,-555.1942578125,71421.89,0.0017220682358847976,30.0,-11.162722,100000.0
75,e+,3,346.1834765625,-555.078203125,71421.63,0.0034384303284925926,30.0,-11.162722,100000.0
75,e-,2,-8.607574462890625,-17.5945166015625,72229.48,0.056281859970707226,30.0,-11.162722,100000.0
75,e+,3,-27.28176025390625,-65.5278466796875,72168.68,0.006223848740413786,30.0,-11.162722,100000.0
75,e+,3,-35.84093994140625,-26.71123046875,72231.85,0.011006446996941392,30.0,-11.162722,100000.0
75,e+,3,4.882095642089844,-41.355419921875,72182.914,0.01015339791398895,30.0,-11.162722,100000.0
75,e-,2,-22.148515625,7.487660522460938,72270.52,0.037480047501520695,30.0,-11.162722,100000.0
75,e+,3,-47.22720703125,-14.6253564453125,72262.055,0.028592451191426643,30.0,-11.162722,100000.0
75,e-,2,58.2792529296875,5.82623779296875,72236.84,0.003357643113070036,30.0,-11.162722,100000.0
75,e+,3,59.6596337890625,3.6122216796875,72229.92,0.004786848761957106,30.0,-11.162722,100000.0
75,e+,3,47.713359375,-119.96384765625,72035.06,0.04999360763530485,30.0,-11.162722,100000.0
75,e-,2,43.459970703125,-188.1256640625,71938.36,0.036254732998523304,30.0,-11.162722,100000.0
75,e+,3,42.1803955078125,-188.32806640625,71939.164,0.03361597873096498,30.0,-11.162722,100000.0
75,e+,3,-32.8354248046875,-123.741181640625,72074.305,0.008649288154209017,30.0,-11.162722,100000.0
75,e-,2,187.37111328125,206.34478515625,72514.87,0.006362765697172689,30.0,-11.162722,100000.0
75,e+,3,181.4964453125,200.92396484375,72501.42,0.044623279727654494,30.0,-11.162722,100000.0
75,e+,3,10.480802001953125,5.286826782226562,72242.67,0.032100709304698646,30.0,-11.162722,100000.0
75,e-,2,10.371051025390624,5.036859436035156,72242.13,0.07380469613497549,30.0,-11.162722,100000.0
75,e-,2,-0.1552664852142334,-32.0516796875,72195.42,0.05427550312326093,30.0,-11.162722,100000.0
75,e+,3,538.7701953125,-216.80935546875,71841.84,0.009280536703232643,30.0,-11.162722,100000.0
75,e+,3,-13.904735107421875,-9.186239013671875,72237.55,0.020044435555010325,30.0,-11.162722,100000.0
75,e+,3,3.720209045410156,-23.56512451171875,72211.96,0.00575776152104763,30.0,-11.162722,100000.0
75,e-,2,3.920282897949219,-23.1407568359375,72211.43,0.016396969258073883,30.0,-11.162722,100000.0
75,e+,3,-14.5023974609375,4.510368957519531,72256.21,0.803431339189036,30.0,-11.162722,100000.0
75,e+,3,-169.8798046875,269.74302734375,72836.37,0.0021408451371594307,30.0,-11.162722,100000.0
75,e+,3,-10.003474731445312,171.064921875,72524.33,0.012178993242299027,30.0,-11.162722,100000.0
75,e-,2,89.840166015625,13.575888671875,72238.445,0.005144638286041047,30.0,-11.162722,100000.0
75,e+,3,30.2182666015625,254.23240234375,72648.32,0.048504271150818956,30.0,-11.162722,100000.0
75,e-,2,29.8089794921875,254.63142578125,72649.29,0.07551132983723677,30.0,-11.162722,100000.0
75,e+,3,-121.481015625,-225.17740234375,72067.85,0.0054493653601617375,30.0,-11.162722,100000.0
75,e-,2,-5.735765991210937,-12.06425537109375,72225.195,0.029620172423789032,30.0,-11.162722,100000.0
75,e+,3,-7.472449951171875,-11.965472412109374,72225.92,0.3749022530133499,30.0,-11.162722,100000.0
75,e+,3,94.20962890625,41.8177587890625,72292.92,0.008964308384439235,30.0,-11.162722,100000.0
75,e+,3,23.06691650390625,-45.68220703125,72167.24,0.0025862682114698885,30.0,-11.162722,100000.0
75,e-,2,22.733984375,-43.4840234375,72164.43,0.05864453657555892,30.0,-11.162722,100000.0
75,e+,3,29.514345703125,-31.36909912109375,72210.78,0.004969819480680051,30.0,-11.162722,100000.0
75,e+,3,-64.9592529296875,-84.788408203125,72167.21,0.09764064368107375,30.0,-11.162722,100000.0
75,e+,3,-36.77644287109375,10.183064575195312,72283.42,0.021046274423468875,30.0,-11.162722,100000.0
75,e-,2,-32.38067626953125,5.340657958984375,72271.27,0.017643739272824435,30.0,-11.162722,100000.0
75,e+,3,-4.443166198730469,-24.26649169921875,72253.96,0.006607828033940774,30.0,-11.162722,100000.0
75,e-,2,-18.25893310546875,8.485120849609375,72278.52,0.013928006487844853,30.0,-11.162722,100000.0
75,e+,3,12.6252685546875,-4.074315185546875,72247.36,0.003704043526733679,30.0,-11.162722,100000.0
75,e+,3,-57.9530126953125,-2.2545785522460937,72304.27,0.00549155003024618,30.0,-11.162722,100000.0
75,e-,2,-14.687415771484375,-40.97875,72190.54,0.12307939160392108,30.0,-11.162722,100000.0
75,e-,2,-90.11486328125,-58.213125,72298.98,0.0031618210109024404,30.0,-11.162722,100000.0
75,e+,3,-26.6316845703125,-27.84000732421875,72215.34,0.10583499528937564,30.0,-11.162722,100000.0
75,e+,3,-79.986826171875,74.932060546875,72413.47,0.006883426619464769,30.0,-11.162722,100000.0
75,e-,2,17.838104248046875,22.89023193359375,72270.16,0.024644424714731245,30.0,-11.162722,100000.0
75,e+,3,20.373858642578124,23.22022705078125,72270.15,0.03232204157284457,30.0,-11.162722,100000.0
75,e+,3,11.9942041015625,42.7134521484375,72306.98,0.015291137107153928,30.0,-11.162722,100000.0
75,e+,3,-76.9728466796875,-47.6828076171875,72219.46,0.02610204465746317,30.0,-11.162722,100000.0
75,e+,3,47.4118212890625,-41.306240234375,72149.84,0.012684419218646742,30.0,-11.162722,100000.0
75,e-,2,-29.8150244140625,-239.96279296875,71926.8,0.029619154886999868,30.0,-11.162722,100000.0
75,e+,3,1221.155078125,-1061.8678125,70516.516,0.03449733822332261,30.0,-11.162722,100000.0
75,e-,2,-384.5824609375,-120.68158203125,72375.12,0.025987288088237265,30.0,-11.162722,100000.0
75,e+,3,-122.849228515625,-157.989228515625,72103.6,0.015525193223280321,30.0,-11.162722,100000.0
75,e-,2,-123.27927734375,-156.9497265625,72104.734,0.020706722142264492,30.0,-11.162722,100000.0
75,e+,3,-16.612095947265626,-26.38783935546875,72213.586,0.01919326675693758,30.0,-11.162722,100000.0
75,e+,3,175.6878515625,-121.571181640625,71968.266,0.010117883442142334,30.0,-11.162722,100000.0
75,e+,3,80.9904443359375,-161.393984375,71983.74,0.014970765071224582,30.0,-11.162722,100000.0
75,e+,3,-11.06466552734375,60.957109375,72344.96,0.07737604175239715,30.0,-11.162722,100000.0
75,e-,2,-13.758897705078125,63.25134765625,72349.85,0.13086740183359638,30.0,-11.162722,100000.0
75,e+,3,-156.32546875,-60.8290673828125,72278.53,0.0025242684081833336,30.0,-11.162722,100000.0
75,e+,3,22.68665283203125,-155.77474609375,72001.71,0.015994479831372383,30.0,-11.162722,100000.0
75,e+,3,15.613592529296875,-0.4749957275390625,72248.14,0.009865368532075052,30.0,-11.162722,100000.0
75,e+,3,-147.37787109375,-68.656357421875,72250.695,0.012880959991892265,30.0,-11.162722,100000.0
75,e+,3,-362.61078125,1.7602061462402343,72529.55,0.011499283739814658,30.0,-11.162722,100000.0
75,e+,3,-1.2465946197509765,-407.434140625,71765.84,0.013757860007320263,30.0,-11.162722,100000.0
75,e+,3,-35.324931640625,-95.8648046875,72158.945,0.00507615832018637,30.0,-11.162722,100000.0
75,e+,3,245.23572265625,-4.110344543457031,72098.84,0.008291517580670942,30.0,-11.162722,100000.0
75,e-,2,245.1811328125,-4.107633056640625,72098.79,0.0325974025965393,30.0,-11.162722,100000.0
75,e-,2,-195.90224609375,328.61125,72886.695,2.0417591633769754,30.0,-11.162722,100000.0
75,e-,2,-18.28798583984375,-92.784892578125,72172.62,0.009853241949988554,30.0,-11.162722,100000.0
75,e+,3,-14.75078369140625,-47.7976513671875,72183.81,0.02151261382408087,30.0,-11.162722,100000.0
75,e+,3,-80.976630859375,-245.06875,71961.11,0.006001833450330807,30.0,-11.162722,100000.0
75,e+,3,-77.1174072265625,-160.1918359375,72076.45,0.016818626946428262,30.0,-11.162722,100000.0
75,e+,3,-118.910458984375,-63.2595703125,72233.97,0.042547020147678326,30.0,-11.162722,100000.0
75,e-,2,24.84013671875,-17.48421630859375,72202.0,0.059105250710317435,30.0,-11.162722,100000.0
75,e+,3,20.7597216796875,23.2708837890625,72278.7,0.008740838709861446,30.0,-11.162722,100000.0
75,e+,3,24.7255126953125,-8.207269897460938,72214.93,0.003049290193157585,30.0,-11.162722,100000.0
75,e+,3,24.8052197265625,-7.457702026367188,72214.914,0.036439785193030906,30.0,-11.162722,100000.0
75,e+,3,22.37049072265625,-7.21317626953125,72216.234,0.05338604710170845,30.0,-11.162722,100000.0
75,e-,2,22.20760498046875,-2.2002783203125,72223.41,1.3653941312684195,30.0,-11.162722,100000.0
75,e+,3,-94.665673828125,17.009908447265627,72363.73,0.015357905263748455,30.0,-11.162722,100000.0
75,e-,2,-46.543818359375,-316.09693359375,71834.18,0.004679621863200151,30.0,-11.162722,100000.0
75,e-,2,13.5622802734375,149.566201171875,72552.59,0.006197535828438906,30.0,-11.162722,100000.0
75,e+,3,-211.129375,-33.9944287109375,72358.305,0.009923750197086856,30.0,-11.162722,100000.0
75,e+,3,-6.94878173828125,-1.7905615234375,72251.05,0.017384049801273723,30.0,-11.162722,100000.0
75,e+,3,0.15173112869262695,18.768914794921876,72270.89,0.0759725615358611,30.0,-11.162722,100000.0
75,e-,2,21.562177734375,13.183424072265625,72261.52,0.03348487261226619,30.0,-11.162722,100000.0
75,e+,3,-6.8835687255859375,31.46595947265625,72296.33,0.02491347841130587,30.0,-11.162722,100000.0
75,e+,3,-13.887447509765625,15.12167236328125,72277.01,0.04996910875091627,30.0,-11.162722,100000.0
75,e-,2,-30.153837890625,27.48169677734375,72307.22,0.04739831581226841,30.0,-11.162722,100000.0
75,e+,3,-2.3528228759765626,23.24087158203125,72293.28,0.0025623144774296696,30.0,-11.162722,100000.0
75,e+,3,-3.200561218261719,13.5791796875,72267.31,0.04294766447807771,30.0,-11.162722,100000.0
75,e-,2,-3.8818719482421873,24.86994140625,72281.95,0.015202597936161312,30.0,-11.162722,100000.0
75,e+,3,-4.615206604003906,24.1163818359375,72280.69,0.0915590152614689,30.0,-11.162722,100000.0
75,e+,3,-0.9340836334228516,22.55841796875,72276.2,0.14628650596715687,30.0,-11.162722,100000.0
75,e-,2,104.865458984375,43.6116748046875,72256.54,0.03728060086814734,30.0,-11.162722,100000.0
75,e+,3,3.433360595703125,18.60406982421875,72267.21,0.2361043764905945,30.0,-11.162722,100000.0
75,e+,3,26.14163330078125,-50.8867333984375,72151.9,0.02025849024959289,30.0,-11.162722,100000.0
75,e+,3,52.4246875,-2.6686941528320314,72220.445,0.01892258220669642,30.0,-11.162722,100000.0
75,e+,3,69.7632861328125,-75.6295166015625,72098.22,0.08060344083689348,30.0,-11.162722,100000.0
75,e+,3,-172.6391015625,76.8164013671875,72485.22,0.005648301999377268,30.0,-11.162722,100000.0
75,e+,3,-188.3314453125,162.137197265625,72616.92,0.358751805205345,30.0,-11.162722,100000.0
75,e+,3,-201.85720703125,155.129814453125,72624.76,0.00869247326300869,30.0,-11.162722,100000.0
75,e-,2,30.57731201171875,156.581318359375,72585.27,0.0031027943013092873,30.0,-11.162722,100000.0
75,e-,2,-224.620234375,91.125849609375,72535.0,0.011173590487366807,30.0,-11.162722,100000.0
75,e+,3,-219.6103515625,96.38365234375,72537.6,0.024240242719198835,30.0,-11.162722,100000.0
75,e-,2,-232.39716796875,90.77365234375,72549.12,0.0031268151766035367,30.0,-11.162722,100000.0
75,e+,3,-235.72431640625,92.318427734375,72559.96,0.0026852927897964593,30.0,-11.162722,100000.0
75,e-,2,-226.17,93.20236328125,72545.27,0.0070296137402493086,30.0,-11.162722,100000.0
75,e+,3,-198.852421875,150.6205859375,72606.25,0.07132244694816732,30.0,-11.162722,100000.0
75,e+,3,-184.5148046875,164.87287109375,72620.51,0.005995916300750457,30.0,-11.162722,100000.0
75,e+,3,-296.40583984375,154.963212890625,72705.984,0.018109089828770034,30.0,-11.162722,100000.0
75,e+,3,-205.7280859375,143.463212890625,72599.18,0.044306158929085765,30.0,-11.162722,100000.0
75,e-,2,-197.17203125,141.0734375,72592.67,0.009347661394540723,30.0,-11.162722,100000.0
75,e+,3,-212.09564453125,132.387548828125,72586.92,0.012630787087856279,30.0,-11.162722,100000.0
75,e+,3,-209.38169921875,129.590048828125,72580.2,0.020694707200000488,30.0,-11.162722,100000.0
75,e-,2,-214.27455078125,136.054619140625,72594.65,0.024430646450256013,30.0,-11.162722,100000.0
75,e-,2,1069.49515625,-739.23265625,70822.695,0.12206027430503148,30.0,-11.162722,100000.0
75,e-,2,430.9552734375,-132.37435546875,71819.14,0.020250702918434456,30.0,-11.162722,100000.0
75,e+,3,1.3866188049316406,530.8963671875,73095.05,4.512346687788049,30.0,-11.162722,100000.0
75,e+,3,-337.78078125,910.455078125,74021.125,0.9472368677754099,30.0,-11.162722,100000.0
75,e+,3,-239.5154296875,-124.485263671875,72245.53,0.015670585439931387,30.0,-11.162722,100000.0
75,e-,2,247.79912109375,326.35537109375,72718.26,0.012940509737399767,30.0,-11.162722,100000.0
75,e+,3,-80.229931640625,-204.12697265625,71993.49,0.10652932625975542,30.0,-11.162722,100000.0
75,e+,3,225.93083984375,-132.829716796875,71925.22,0.003415835885397253,30.0,-11.162722,100000.0
75,e-,2,110.832783203125,-529.334921875,71397.54,0.0901818648692874,30.0,-11.162722,100000.0
75,e-,2,-77.265810546875,-315.6591015625,71839.56,0.003929979508657675,30.0,-11.162722,100000.0
75,e-,2,222.0171875,-335.5006640625,71701.695,0.003397122895178957,30.0,-11.162722,100000.0
75,e+,3,178.735625,-358.504140625,71677.445,0.04850737611989004,30.0,-11.162722,100000.0
75,e+,3,-334.7047265625,1174.63953125,74428.73,0.011434625365418808,30.0,-11.162722,100000.0
75,e+,3,-347.0710546875,1205.18984375,74484.07,0.025324717080224483,30.0,-11.162722,100000.0
75,e-,2,-361.062734375,1203.279140625,74484.6,0.08762798083526738,30.0,-11.162722,100000.0
75,e+,3,-2.9898046875,307.84734375,72739.93,0.03583907509101872,30.0,-11.162722,100000.0
75,e+,3,-8.59221435546875,308.06755859375,72741.875,2.02742504022814,30.0,-11.162722,100000.0
75,e+,3,-956.634765625,-1941.84296875,70755.37,0.004446995676452163,30.0,-11.162722,100000.0
75,e+,3,-489.8758984375,907.79890625,74061.64,0.018105078777009075,30.0,-11.162722,100000.0
75,e-,2,-469.7203515625,861.31796875,73971.78,0.00875011275281006,30.0,-11.162722,100000.0
75,e+,3,-464.256796875,864.25234375,73967.34,0.06160800110414133,30.0,-11.162722,100000.0
75,e-,2,-475.0155859375,857.18703125,73963.88,0.026132563517867597,30.0,-11.162722,100000.0
75,e-,2,17.651197509765623,-399.31421875,71814.65,0.07697288556697399,30.0,-11.162722,100000.0
75,e-,2,-63.4723779296875,142.95849609375,72658.625,0.0020601604588232417,30.0,-11.162722,100000.0
75,e+,3,-55.7603076171875,140.5391796875,72633.9,0.03318037199763576,30.0,-11.162722,100000.0
75,e+,3,-72.08380859375,160.858828125,72698.01,0.004210286687615885,30.0,-11.162722,100000.0
75,e-,2,-44.7994921875,145.921640625,72638.57,0.02898861435233598,30.0,-11.162722,100000.0
75,e+,3,588.151484375,449.8882421875,72998.36,0.016213296747723,30.0,-11.162722,100000.0
75,e+,3,-24.0674462890625,61.1882080078125,72354.14,0.15101037085982927,30.0,-11.162722,100000.0
75,e+,3,207.9096875,-25.35877685546875,72165.74,0.0017183647539511823,30.0,-11.162722,100000.0
75,e-,2,142.504736328125,68.674248046875,72281.7,0.03170426492640604,30.0,-11.162722,100000.0
75,e+,3,137.07359375,-204.90025390625,71889.06,0.00839844050997908,30.0,-11.162722,100000.0
75,e-,2,-4.56744140625,-42.16212890625,72193.9,0.0059696929064872025,30.0,-11.162722,100000.0
75,e+,3,-8.37768310546875,-42.3255810546875,72190.91,0.017209700525503836,30.0,-11.162722,100000.0
75,e+,3,-62.19712890625,-30.275107421875,72252.21,0.02172895460321919,30.0,-11.162722,100000.0
75,e+,3,60.0812646484375,70.817529296875,72363.09,0.004818965134326737,30.0,-11.162722,100000.0
75,e+,3,200.425078125,504.7183984375,73285.73,0.0016075337995833728,30.0,-11.162722,100000.0
75,e+,3,333.4595703125,105.96974609375,72363.43,0.010503729294198192,30.0,-11.162722,100000.0
75,e+,3,36.0343017578125,161.089814453125,72502.71,0.011539343725230779,30.0,-11.162722,100000.0
75,e-,2,-193.94951171875,-315.13224609375,72114.875,0.005681939660891382,30.0,-11.162722,100000.0
75,e+,3,-280.3720703125,-55.8758447265625,72353.016,0.00858584044548443,30.0,-11.162722,100000.0
75,e-,2,-281.6673046875,-54.8427294921875,72355.16,0.018525124001188924,30.0,-11.162722,100000.0
75,e-,2,44.1674462890625,-17.47921142578125,72187.96,0.03632687756481328,30.0,-11.162722,100000.0
75,e+,3,44.3343310546875,-17.62052001953125,72187.59,0.37669879194977923,30.0,-11.162722,100000.0
75,e+,3,75.0415869140625,43.482275390625,72275.24,0.004167268958072808,30.0,-11.162722,100000.0
75,e+,3,11.177391357421875,-1.8488371276855469,72231.68,0.03503352027569741,30.0,-11.162722,100000.0
75,e+,3,-36.118193359375,125.192578125,72567.664,0.006683496425517593,30.0,-11.162722,100000.0
75,e-,2,-109.160576171875,-23.70050048828125,72344.07,0.0023115744469781917,30.0,-11.162722,100000.0
75,e+,3,-105.8266015625,-28.7938330078125,72334.35,0.003323815921739053,30.0,-11.162722,100000.0
75,e+,3,-219.14177734375,341.1335546875,73022.62,0.010064035830023502,30.0,-11.162722,100000.0
75,e+,3,217.3820703125,1110.8628125,74393.555,0.009266300429031234,30.0,-11.162722,100000.0
75,e-,2,138.632216796875,-384.5075,71628.914,0.027468883505847665,30.0,-11.162722,100000.0
75,e+,3,138.642119140625,-384.5259765625,71628.89,0.032425315399936046,30.0,-11.162722,100000.0
75,e+,3,16.17087646484375,-11.8472900390625,72213.41,0.024963111847004265,30.0,-11.162722,100000.0
75,e-,2,22.02637939453125,-10.97958984375,72210.37,0.12009901956033928,30.0,-11.162722,100000.0
75,e+,3,26.893740234375,50.1339208984375,72307.586,0.02702606318855441,30.0,-11.162722,100000.0
75,e+,3,156.672109375,-127.698388671875,72017.055,0.0025871255005666884,30.0,-11.162722,100000.0
75,e-,2,153.848798828125,-130.051025390625,72012.695,0.013083396972310254,30.0,-11.162722,100000.0
75,e+,3,204.00001953125,313.85310546875,72793.66,0.006545619039707625,30.0,-11.162722,100000.0
75,e+,3,117.15037109375,-36.93551513671875,72124.56,0.006867207208580327,30.0,-11.162722,100000.0
75,e-,2,18.84392333984375,-31.98123779296875,72180.984,0.07891373984723067,30.0,-11.162722,100000.0
75,e-,2,-3.618810119628906,-13.20710693359375,72223.94,0.048437976370231346,30.0,-11.162722,100000.0
75,e+,3,-2.4021011352539063,-25.19829345703125,72203.44,0.04503548200455195,30.0,-11.162722,100000.0
75,e+,3,734.467578125,-662.799296875,71194.086,0.004907704418436345,30.0,-11.162722,100000.0
75,e+,3,-27.0588623046875,-29.189912109375,72212.016,0.016487560082955304,30.0,-11.162722,100000.0
75,e-,2,-27.483896484375,-30.98102294921875,72208.74,0.185266472049762,30.0,-11.162722,100000.0
75,e+,3,279.9590625,299.7027734375,72612.24,0.004420834105839164,30.0,-11.162722,100000.0
75,e+,3,40.56610107421875,34.45267333984375,72273.68,0.06054704569743265,30.0,-11.162722,100000.0
75,e+,3,-21.8820361328125,-50.465556640625,72233.04,0.005550841299645958,30.0,-11.162722,100000.0
75,e+,3,49.6912890625,9.226668090820313,72233.55,0.0032978310352779726,30.0,-11.162722,100000.0
75,e+,3,269.97416015625,-118.370234375,71962.8,0.010719383775096849,30.0,-11.162722,100000.0
75,e-,2,-82.09322265625,-52.340029296875,72223.16,0.0057138950007369444,30.0,-11.162722,100000.0
75,e+,3,-480.9265234375,60.4060205078125,72776.47,0.009083073839708381,30.0,-11.162722,100000.0
75,e+,3,-345.632890625,32.86805419921875,72636.68,0.002473992316410754,30.0,-11.162722,100000.0
75,e-,2,-43.0890478515625,-28.072666015625,72243.47,0.0017483890888884564,30.0,-11.162722,100000.0
75,e+,3,-42.475234375,-36.387783203125,72211.78,0.012557789642840574,30.0,-11.162722,100000.0
75,e+,3,-5.959114379882813,-42.8046826171875,72192.91,0.009925772153922608,30.0,-11.162722,100000.0
75,e+,3,32.63880859375,71.5276318359375,72360.24,0.014677574932988387,30.0,-11.162722,100000.0
75,e+,3,-102.9140625,141.839775390625,72553.27,0.030593609067124956,30.0,-11.162722,100000.0
75,e+,3,52.9782275390625,97.979755859375,72374.01,0.011231537881209083,30.0,-11.162722,100000.0
75,e+,3,-12.560443115234374,45.9208349609375,72321.22,0.023478585461190502,30.0,-11.162722,100000.0
75,e+,3,28.97481689453125,-38.631923828125,72163.78,0.017326834376567693,30.0,-11.162722,100000.0
75,e+,3,-248.848828125,451.219609375,73142.11,0.04299076622224955,30.0,-11.162722,100000.0
75,e-,2,-248.72435546875,451.8933203125,73143.09,0.07377285165812549,30.0,-11.162722,100000.0
75,e+,3,1.0092416381835938,8.733907470703125,72254.484,0.004471574640608381,30.0,-11.162722,100000.0
75,e-,2,6.9429998779296875,0.8145700073242188,72238.36,0.08004229595327113,30.0,-11.162722,100000.0
75,e+,3,4.075222473144532,21.4934228515625,72272.01,0.1810772818112366,30.0,-11.162722,100000.0
75,e-,2,-26.85323486328125,-16.431148681640625,72239.21,0.0054104715885030415,30.0,-11.162722,100000.0
75,e-,2,3.513121337890625,-12.78181884765625,72231.96,0.014474938805505655,30.0,-11.162722,100000.0
75,e+,3,33.46439208984375,6.1899169921875,72251.26,0.014379077432995336,30.0,-11.162722,100000.0
75,e+,3,-97.274990234375,87.46994140625,72473.51,0.006228023182652735,30.0,-11.162722,100000.0
75,e+,3,88.821396484375,61.1784619140625,72328.695,0.023187790051384553,30.0,-11.162722,100000.0
75,e-,2,55.9151806640625,52.4246923828125,72328.34,0.025038802050771303,30.0,-11.162722,100000.0
75,e-,2,-13.664364013671875,-12.18872314453125,72233.8,0.03844257704810815,30.0,-11.162722,100000.0
75,e+,3,-85.6409375,-21.84612548828125,72304.91,0.0019833058414542647,30.0,-11.162722,100000.0
75,e+,3,5.802166748046875,-6.79383056640625,72226.27,0.04451193411108987,30.0,-11.162722,100000.0
75,e-,2,-28.30911376953125,-33.599970703125,72209.586,0.003295514999070708,30.0,-11.162722,100000.0
75,e+,3,24.64423583984375,-26.42146484375,72194.88,0.02119750785772092,30.0,-11.162722,100000.0
75,e-,2,-12.5240283203125,-2.9196011352539064,72250.04,0.014482243410593402,30.0,-11.162722,100000.0
75,e-,2,-2.6659326171875,-16.45667236328125,72216.26,0.01019891031641616,30.0,-11.162722,100000.0
75,e+,3,-2.6035479736328124,-16.41802978515625,72216.24,0.01765361429218677,30.0,-11.162722,100000.0
75,e-,2,16.053482666015626,-1.5677119445800782,72230.18,0.05127149229776476,30.0,-11.162722,100000.0
75,e-,2,-12.639306640625,-1.3101625061035156,72249.73,0.03995685621470087,30.0,-11.162722,100000.0
75,e+,3,27.58829345703125,-72.299296875,72122.25,0.013696269437564534,30.0,-11.162722,100000.0
75,e-,2,-18.900751953125,-7.269716796875,72246.76,0.04666215771358913,30.0,-11.162722,100000.0
75,e+,3,-0.22531957626342775,-23.782451171875,72206.3,0.022035031980716355,30.0,-11.162722,100000.0
75,e+,3,2.445978698730469,-23.83812255859375,72208.836,0.0032066551332763852,30.0,-11.162722,100000.0
75,e-,2,-0.520821304321289,-23.4895849609375,72206.09,0.16835867358213358,30.0,-11.162722,100000.0
75,e+,3,-25.19466064453125,26.34642578125,72307.91,0.05524393114425323,30.0,-11.162722,100000.0
75,e+,3,8.626574096679688,-1.9658975219726562,72234.33,0.03559597604493253,30.0,-11.162722,100000.0
75,e-,2,1.9282958984375,-7.861876831054688,72226.72,0.1593078398759689,30.0,-11.162722,100000.0
75,e+,3,7.526368408203125,-9.562485961914062,72223.31,0.01329220104023627,30.0,-11.162722,100000.0
75,e+,3,-0.2570380401611328,-8.7207177734375,72226.88,0.041367579160597835,30.0,-11.162722,100000.0
75,e+,3,0.4035108184814453,-11.198338623046874,72226.02,0.00419984639973821,30.0,-11.162722,100000.0
75,e+,3,2.257143249511719,-7.382279052734375,72228.42,0.007083923879608325,30.0,-11.162722,100000.0
75,e-,2,1.9160423278808594,-8.88363037109375,72225.09,0.444160232929131,30.0,-11.162722,100000.0
75,e+,3,1.2371629333496095,-10.91508544921875,72222.586,0.042112306809606974,30.0,-11.162722,100000.0
75,e-,2,1.3684814453125,-11.876744384765624,72220.99,0.04665040504154946,30.0,-11.162722,100000.0
75,e-,2,0.6109313201904297,-9.396984252929688,72225.34,0.06330562817046465,30.0,-11.162722,100000.0
75,e+,3,-0.06776782035827637,-8.031830444335938,72227.82,0.09391298060632824,30.0,-11.162722,100000.0
75,e+,3,-5.645681762695313,53.6402490234375,72341.19,0.012688466437768697,30.0,-11.162722,100000.0
75,e-,2,3.192277526855469,55.09181640625,72331.78,0.059343384692409774,30.0,-11.162722,100000.0
75,e+,3,17.8541259765625,-30.09118408203125,72190.055,0.025617721239411733,30.0,-11.162722,100000.0
75,e+,3,-63.5959765625,6.716513671875,72306.99,0.0058890949719952,30.0,-11.162722,100000.0
75,e-,2,59.098876953125,97.85041015625,72386.82,0.0028152711888894187,30.0,-11.162722,100000.0
75,e+,3,59.0680078125,97.850888671875,72386.81,0.005660060409886815,30.0,-11.162722,100000.0
75,e+,3,-107.754306640625,-306.11267578125,71933.51,0.0020035818335997265,30.0,-11.162722,100000.0
75,e+,3,-106.0833984375,-304.2115625,71925.87,0.01037801733307475,30.0,-11.162722,100000.0
75,e+,3,-104.065390625,-302.6489453125,71924.84,0.019564313237109394,30.0,-11.162722,100000.0
75,e-,2,-107.85859375,-300.69921875,71930.016,0.025247742632732884,30.0,-11.162722,100000.0
75,e+,3,-32.15126708984375,1.0213796997070312,72263.49,0.11034089252697733,30.0,-11.162722,100000.0
75,e+,3,-31.105263671875,0.3105161666870117,72268.26,0.027413743325000465,30.0,-11.162722,100000.0
75,e-,2,5.400194702148437,9.846222534179688,72253.24,0.061156822232598676,30.0,-11.162722,100000.0
75,e+,3,5.048690490722656,10.911312255859375,72255.125,0.1585733899737967,30.0,-11.162722,100000.0
75,e+,3,139.383603515625,-206.66134765625,71956.61,0.005746653443901601,30.0,-11.162722,100000.0
75,e+,3,-86.425234375,144.814580078125,72559.7,0.02423849236923568,30.0,-11.162722,100000.0
75,e+,3,-237.20240234375,-118.899091796875,72309.266,0.0029913879689534317,30.0,-11.162722,100000.0
75,e+,3,-33.5146240234375,-40.6610546875,72201.65,0.023320410581587757,30.0,-11.162722,100000.0
75,e-,2,-69.0141162109375,-10.644710693359375,72268.59,0.03616926185745592,30.0,-11.162722,100000.0
75,e-,2,202.5353125,253.60333984375,72592.305,0.013189172663625012,30.0,-11.162722,100000.0
75,e+,3,-0.15120637893676758,-19.433680419921874,72214.44,0.021172970073529553,30.0,-11.162722,100000.0
75,e-,2,3.4980569458007813,24.87213134765625,72302.4,0.015407384089284444,30.0,-11.162722,100000.0
75,e-,2,-43.3805810546875,115.247548828125,72457.5,0.047148076752127656,30.0,-11.162722,100000.0
75,e-,2,3002.685,2095.04625,76057.32,0.008809924198223415,30.0,-11.162722,100000.0
